0098 416.5 156.5 135 255
0098 108.5 161.0 209 246
0109 115.0 134.0 316 226
0057 35.5 110.5 201 341
0024 169.5 117.5 181 307
0046 106.5 165.5 197 247
0059 55.5 140.5 197 299
0048 68.0 146.0 236 282
0034 370.5 126.5 119 293
0034 114.0 131.0 200 284
0077 471.5 83.0 165 240
0077 82.0 139.5 176 281
0112 251.5 203.0 323 226
0032 342.5 143.0 145 278
0032 123.0 119.0 172 310
0007 341.0 129.5 182 301
0007 120.5 116.0 187 314
0011 358.5 142.5 177 283
0011 124.5 118.5 183 309
0054 3.5 112.5 169 339
0018 346.0 131.5 178 295
0018 128.5 143.5 213 287
0100 384.5 149.5 163 261
0100 150.5 187.5 137 225
0013 358.5 138.5 177 287
0013 127.0 113.5 190 313
0104 414.0 155.5 180 241
0104 148.5 122.5 231 217
0030 281.0 123.0 184 302
0030 88.0 112.5 202 317
0117 251.0 243.5 106 155
0094 444.5 234.5 113 167
0094 84.0 165.5 162 247
0095 70.0 182.0 202 234
0095 441.0 199.0 136 200
0008 347.0 136.5 178 289
0008 125.5 123.0 183 304
0119 235.5 177.5 201 181
0060 456.0 243.0 128 170
0060 55.0 138.0 200 300
0092 85.0 192.5 182 211
0092 439.5 253.0 119 150
0049 56.5 142.5 215 275
0027 95.5 66.0 369 354
0080 47.0 139.5 126 275
0080 476.0 95.5 158 231
0023 294.0 103.0 170 324
0023 157.0 113.5 158 317
0083 464.0 244.0 170 152
0083 40.5 156.5 149 257
0079 59.0 129.0 136 298
0079 479.5 78.5 161 247
0074 469.0 135.0 162 258
0068 95.5 129.5 281 301
0068 391.5 210.0 151 194
0033 355.0 134.5 128 289
0033 115.0 137.0 192 280
0067 380.5 227.0 179 162
0067 85.5 137.5 237 303
0045 114.0 187.5 218 229
0045 447.5 208.5 165 219
0122 223.5 182.5 193 235
0122 415.0 291.5 88 133
0015 352.0 135.5 172 289
0015 131.5 129.5 183 295
0082 469.0 202.0 168 150
0099 402.5 159.5 141 251
0099 141.0 159.5 150 261
0021 253.0 151.5 250 263
0101 327.5 154.5 201 245
0101 189.5 208.0 105 192
0055 12.5 112.0 191 342
0084 467.5 249.5 167 153
0084 47.0 165.0 142 248
0123 228.5 187.0 189 232
0040 502.0 179.5 138 245
0040 208.5 96.0 215 304
0026 91.5 45.5 367 385
0121 249.0 126.0 168 214
0031 114.5 103.0 185 326
0031 281.0 131.5 190 293
0050 53.5 140.0 195 276
0002 367.5 129.0 169 302
0002 121.5 141.5 183 287
0019 125.0 143.0 212 282
0019 329.5 128.5 191 293
0042 116.0 167.5 334 237
0037 353.0 125.0 162 290
0037 167.5 109.5 141 287
0070 390.0 202.0 122 202
0062 461.5 176.0 135 228
0062 55.5 122.5 201 311
0039 330.5 124.5 181 297
0017 347.5 127.5 179 299
0017 130.0 141.5 196 287
0071 389.0 213.0 126 190
0071 237.0 136.5 142 277
0035 361.5 122.5 127 297
0035 95.0 129.5 218 291
0097 115.0 163.0 196 242
0097 420.0 156.0 134 254
0078 470.0 86.0 166 236
0078 69.5 120.0 141 304
0106 380.0 116.5 240 219
0088 72.5 188.0 179 206
0016 357.5 136.5 179 283
0016 126.5 143.0 205 286
0025 244.0 25.0 218 348
0025 92.5 134.0 173 296
0010 357.0 136.5 180 291
0010 123.5 130.5 185 297
0051 43.5 146.5 139 273
0064 316.0 229.5 244 167
0064 73.0 107.0 200 328
0043 140.0 201.0 262 204
0047 87.5 146.0 199 284
0063 76.0 119.0 180 312
0063 433.5 210.5 149 183
0118 249.5 238.5 169 147
0103 250.5 171.5 249 237
0113 258.0 245.0 300 192
0029 252.5 104.5 199 327
0029 81.0 125.5 176 299
0066 350.5 228.0 213 170
0066 56.0 138.5 264 297
0105 386.0 135.5 240 223
0052 13.0 137.0 140 290
0028 118.5 106.5 307 321
0069 155.5 135.5 225 283
0069 398.0 200.5 118 199
0081 49.5 144.5 129 267
0081 469.0 130.5 170 211
0085 50.5 180.0 141 220
0036 360.5 119.0 153 296
0036 109.5 124.0 205 304
0022 258.0 195.5 234 217
0110 360.0 136.0 224 192
0038 348.5 124.0 163 294
0086 38.5 199.5 175 205
0003 365.0 131.5 174 301
0003 118.5 139.5 187 287
0087 42.0 205.5 200 203
0093 70.0 177.0 182 228
0093 447.0 241.5 106 163
0096 68.5 176.5 241 245
0096 434.5 166.0 129 242
0058 53.5 129.0 201 320
0020 272.5 134.0 227 278
0020 143.5 128.0 161 294
0089 67.5 203.5 245 193
0005 335.5 135.0 195 288
0005 117.5 127.0 187 298
0009 352.0 136.0 170 292
0009 127.0 125.0 184 302
0075 456.5 101.5 183 265
0056 23.5 115.0 207 330
0056 381.5 300.0 149 110
0006 337.0 128.0 184 296
0006 118.5 116.0 187 310
0041 225.5 238.0 69 174
0004 348.0 129.0 198 296
0004 116.5 137.0 191 292
0012 359.5 140.0 175 280
0012 127.5 118.0 183 308
0053 1.5 125.5 155 305
0111 187.0 182.5 356 259
0114 257.5 225.5 325 201
0076 466.0 75.5 174 255
0076 105.0 143.0 210 272
0001 371.0 128.0 168 306
0001 116.0 136.0 188 294
0120 264.5 151.0 183 192
0061 446.5 216.0 115 186
0061 50.5 130.5 207 313
0090 94.5 200.5 213 199
0065 318.0 224.0 242 178
0065 69.5 124.0 219 310
0014 359.0 143.0 176 278
0014 132.0 117.0 188 312
0116 239.5 230.0 93 184
0091 102.0 176.5 166 229
0102 258.0 165.5 252 241
0073 257.0 122.0 320 314
0146 374.0 139.5 170 279
0140 389.0 163.0 180 248
0140 75.5 174.0 215 258
0178 93.5 155.0 227 252
0178 429.0 153.5 156 257
0153 265.0 151.0 216 276
0221 494.0 149.0 106 246
0189 256.0 147.0 212 276
0179 417.0 156.5 158 247
0179 106.0 161.5 270 247
0233 387.5 154.0 157 268
0145 394.0 131.0 174 286
0145 180.5 222.5 171 233
0227 451.5 162.0 127 248
0227 56.5 159.0 161 262
0184 341.5 207.0 181 202
0184 156.5 193.0 205 220
0208 461.5 139.5 139 263
0208 -3.5 209.0 161 222
0165 64.5 142.5 153 269
0165 432.0 321.5 184 73
0190 245.0 175.5 222 251
0203 412.0 153.5 126 245
0203 80.0 53.0 158 300
0129 128.0 153.0 172 274
0129 364.5 217.5 121 205
0143 412.5 144.0 171 262
0143 72.0 181.5 216 253
0130 365.0 206.5 116 209
0130 125.0 144.5 178 283
0180 393.5 149.5 151 269
0180 125.5 157.5 253 253
0210 485.5 134.0 127 278
0206 444.0 146.0 140 252
0206 6.0 164.5 160 279
0167 66.5 149.0 153 266
0207 461.5 144.5 137 255
0144 403.5 130.5 165 289
0144 127.5 183.0 173 284
0169 61.5 159.5 153 259
0211 486.5 147.5 125 261
0225 433.0 170.0 174 236
0200 379.0 146.5 106 231
0200 159.0 81.5 198 257
0139 393.5 170.0 171 240
0139 139.0 184.0 158 238
0224 448.5 177.5 163 227
0224 62.5 182.5 93 209
0176 54.0 160.0 228 252
0176 444.5 162.5 151 247
0185 323.5 202.5 203 211
0174 47.0 158.0 178 258
0174 458.5 233.0 127 172
0192 259.0 173.5 210 257
0151 348.5 187.5 173 227
0151 209.5 182.5 145 217
0173 60.0 169.5 154 239
0173 479.0 239.0 100 170
0159 91.0 141.0 220 276
0159 420.0 88.0 214 238
0149 367.5 202.5 183 211
0149 195.0 192.0 148 220
0204 424.5 144.0 123 256
0204 53.0 102.0 146 272
0171 51.0 178.0 166 240
0138 396.5 197.5 161 205
0138 154.0 177.0 148 246
0187 198.0 142.0 314 286
0147 416.0 194.0 182 220
0147 192.5 227.5 263 191
0205 424.5 155.0 123 240
0216 371.0 160.5 156 253
0217 397.5 151.5 119 257
0223 460.5 168.0 147 232
0223 13.0 194.5 130 231
0141 394.5 149.0 173 264
0141 70.5 178.5 211 249
0135 317.5 198.5 207 211
0232 116.0 144.0 220 266
0232 400.5 159.5 165 257
0127 120.5 174.5 187 247
0127 435.0 242.0 78 194
0235 425.0 154.0 148 262
0235 214.0 185.5 96 231
0175 44.0 160.5 216 255
0175 461.5 206.0 125 196
0155 179.0 144.0 250 280
0155 440.5 139.0 179 260
0126 121.0 178.0 172 242
0163 80.0 127.0 152 282
0163 446.5 180.5 203 195
0197 178.0 107.0 194 340
0197 343.0 156.5 134 227
0219 442.0 144.5 128 259
0152 224.5 200.0 159 216
0154 228.0 145.5 292 281
0156 124.5 148.0 265 276
0156 406.5 118.0 225 236
0202 402.0 151.5 120 235
0202 103.0 55.0 162 280
0170 57.0 161.0 160 254
0137 402.0 197.0 162 210
0137 154.5 161.0 205 250
0212 464.0 152.0 136 256
0230 446.0 152.5 130 265
0230 95.5 151.0 219 260
0188 252.0 136.5 154 291
0148 391.5 195.0 185 222
0128 123.0 164.0 184 252
0231 428.0 147.5 152 271
0231 106.0 144.5 210 271
0182 368.5 199.5 165 211
0182 146.5 183.5 215 235
0228 451.0 156.5 130 259
0228 54.0 157.0 194 260
0162 72.5 125.0 177 288
0162 475.5 129.5 161 211
0158 78.5 152.0 259 270
0158 406.5 88.5 229 241
0201 394.0 144.0 110 244
0201 126.5 50.0 215 292
0196 238.5 129.5 159 313
0164 443.0 226.5 206 179
0164 75.5 136.5 153 275
0150 361.5 195.5 175 221
0150 199.5 181.5 149 239
0131 125.0 136.0 176 290
0131 358.0 206.0 138 214
0220 481.5 147.0 111 254
0166 63.5 148.0 155 266
0234 378.5 161.5 147 257
0234 220.5 162.5 163 255
0142 408.0 150.5 156 259
0142 60.5 182.0 229 246
0198 170.0 79.5 212 331
0213 385.5 162.0 221 234
0136 429.5 198.0 135 208
0136 159.0 139.0 248 292
0168 63.5 151.5 153 269
0134 313.5 201.5 179 215
0132 340.0 201.0 170 222
0132 136.5 151.0 201 274
0209 468.5 119.0 131 298
0181 382.0 154.0 164 260
0181 128.5 165.0 249 250
0214 359.0 165.0 230 238
0199 166.0 69.0 208 320
0199 360.0 139.0 126 252
0172 52.5 183.5 159 229
0226 430.5 164.0 167 246
0226 50.0 149.5 148 273
0226 576.5 250.0 49 74
0186 168.5 180.5 325 241
0183 365.0 209.0 164 202
0183 150.5 189.5 213 229
0222 486.5 153.5 121 249
0215 344.0 169.5 222 241
0161 77.5 123.0 177 296
0161 466.5 92.5 173 233
0160 81.0 128.5 198 291
0160 420.0 88.5 216 241
0229 438.0 155.5 138 263
0229 53.0 155.5 230 263
0157 92.0 141.0 240 294
0157 402.0 95.5 230 235
0194 365.5 144.5 139 263
0194 231.0 162.0 152 276
0218 415.0 143.0 126 264
0133 320.0 202.5 180 215
0177 81.5 157.0 217 260
0177 432.0 152.5 156 263
0195 240.5 120.0 161 322
0311 380.5 122.5 175 297
0311 138.0 160.5 180 279
0333 121.0 81.0 274 322
0346 175.0 123.5 156 301
0346 327.0 143.0 160 282
0376 478.5 185.0 117 214
0288 370.5 132.0 167 294
0288 119.0 115.0 178 312
0352 205.5 196.5 259 215
0344 325.0 137.0 152 290
0344 123.5 136.0 189 284
0354 316.0 184.0 166 206
0292 374.0 127.0 168 296
0292 118.0 121.0 184 304
0392 182.5 245.0 193 182
0392 333.5 136.5 153 147
0350 192.0 136.5 144 279
0350 313.5 167.5 133 247
0361 54.0 118.5 212 215
0287 369.5 128.0 165 300
0287 112.0 122.5 188 301
0363 9.5 87.5 245 225
0325 339.5 151.0 181 272
0389 303.5 164.0 149 250
0365 -11.0 115.0 234 202
0365 420.0 155.0 168 266
0359 59.0 140.0 218 218
0359 323.0 170.0 184 262
0307 403.5 139.0 163 272
0307 124.5 111.5 165 315
0297 375.0 140.0 160 278
0297 125.0 139.0 172 292
0356 236.0 172.0 200 260
0370 491.5 166.5 91 247
0381 396.5 198.5 175 199
0368 465.0 163.0 120 250
0368 3.0 225.0 200 192
0351 126.0 69.0 172 250
0386 338.0 176.0 122 230
0386 258.5 241.5 103 193
0293 378.0 129.5 166 295
0293 121.0 112.5 176 315
0347 169.5 132.0 165 296
0347 329.0 141.0 154 284
0391 192.5 267.0 171 150
0395 176.0 206.5 130 219
0395 384.5 114.0 101 306
0353 119.0 59.0 194 274
0353 328.0 187.5 152 231
0383 365.5 170.0 135 240
0383 171.0 229.0 124 182
0323 347.0 133.0 174 288
0308 404.0 156.5 184 251
0299 373.5 141.5 155 269
0299 157.5 115.5 157 331
0371 490.0 176.0 92 228
0322 348.0 145.5 168 269
0388 332.0 163.5 136 247
0388 194.5 213.0 155 202
0384 338.0 177.5 156 221
0384 238.0 250.0 128 154
0379 436.0 200.5 174 195
0379 89.0 286.0 154 114
0362 44.0 79.0 228 246
0362 356.5 145.0 233 286
0366 2.0 152.0 204 226
0366 428.0 154.0 160 258
0301 375.0 164.0 160 236
0301 219.5 137.0 187 284
0339 292.5 129.5 167 289
0380 409.5 204.0 187 190
0380 113.5 279.0 139 126
0373 487.0 181.0 116 216
0374 487.5 187.0 115 208
0291 374.5 133.0 169 290
0291 116.5 138.0 185 286
0304 407.5 143.0 161 270
0394 348.0 100.5 138 291
0394 171.5 207.5 139 219
0341 302.5 132.0 159 290
0341 129.5 138.0 199 286
0316 177.0 230.5 108 183
0316 383.0 186.5 160 233
0336 156.5 147.0 143 274
0313 368.5 138.0 157 286
0313 220.0 230.0 176 226
0393 164.5 222.0 183 202
0298 373.0 141.0 160 274
0298 146.0 104.0 146 354
0310 382.0 136.0 196 278
0310 108.5 142.5 191 291
0328 306.5 43.5 163 293
0328 119.0 177.0 190 252
0317 370.0 186.5 172 229
0289 372.5 124.0 163 300
0289 115.0 127.0 192 300
0306 146.0 112.5 150 319
0306 410.5 136.5 175 271
0319 362.5 187.5 171 223
0315 400.0 184.5 158 233
0345 323.0 141.0 156 284
0345 139.0 121.5 196 303
0369 485.0 165.5 96 241
0334 246.0 131.0 152 282
0303 407.0 154.0 154 252
0303 182.0 124.5 252 305
0314 333.5 134.5 183 283
0300 356.5 144.0 161 272
0300 167.5 126.5 171 285
0330 145.0 135.0 184 288
0349 189.0 186.5 154 239
0349 319.0 156.5 178 255
0320 352.0 156.5 168 265
0320 200.5 278.5 115 131
0329 116.5 147.0 189 274
0329 257.0 23.5 160 221
0377 484.5 193.0 119 208
0338 292.5 137.5 155 283
0338 134.5 138.5 183 285
0331 155.5 147.5 195 265
0343 319.5 141.0 159 276
0343 143.5 138.0 173 280
0378 474.5 191.5 121 213
0378 105.0 281.5 108 119
0309 401.0 143.0 190 270
0309 108.0 127.5 186 301
0327 340.0 86.5 160 331
0327 115.0 202.5 190 219
0387 338.5 161.5 135 247
0387 234.5 210.0 129 186
0348 178.0 169.5 166 261
0348 331.0 143.0 152 278
0375 478.5 188.5 117 207
0290 372.0 123.5 172 303
0290 113.5 136.0 189 284
0340 288.5 130.5 173 291
0335 242.0 167.0 156 248
0326 350.0 196.0 170 226
0326 118.5 218.5 177 201
0358 89.0 152.5 176 259
0332 141.0 43.5 254 387
0382 375.0 178.0 154 218
0382 190.5 85.0 81 108
0382 122.5 270.0 165 150
0296 379.0 135.5 164 289
0296 116.0 148.0 196 282
0302 374.5 136.5 177 269
0318 364.0 188.5 174 233
0305 163.5 102.0 137 334
0305 405.5 140.0 161 268
0321 348.5 149.5 169 269
0321 182.0 260.5 108 127
0364 -4.0 82.0 248 230
0364 357.0 158.5 254 279
0372 487.5 184.5 115 211
0342 322.0 137.0 152 284
0342 125.0 134.0 198 290
0337 291.0 154.5 152 263
0337 151.0 145.0 162 278
0385 339.0 171.0 128 238
0385 254.0 252.0 100 182
0312 378.0 126.0 166 296
0360 55.0 134.5 222 211
0355 169.5 96.0 279 290
0390 188.0 235.5 258 177
0324 349.5 134.0 173 286
0324 133.0 221.5 158 191
0295 377.0 126.5 164 301
0295 116.5 150.5 191 279
0367 443.5 160.0 145 250
0367 9.0 186.0 190 190
0357 123.5 175.5 303 247
0294 377.0 129.0 166 296
0294 111.0 121.5 186 307
0452 138.5 125.0 197 298
0475 149.5 147.5 213 275
0475 341.0 59.0 244 266
0460 156.5 177.5 149 265
0457 135.5 148.0 169 278
0467 338.5 199.0 281 234
0467 187.0 188.0 144 224
0423 334.0 189.5 288 183
0423 140.5 98.5 157 333
0451 133.0 132.5 212 289
0406 389.0 239.5 166 231
0431 123.0 203.0 214 224
0425 120.0 135.0 186 288
0499 142.5 153.5 225 271
0412 243.5 160.5 247 255
0416 138.5 146.0 241 274
0401 172.5 205.5 169 227
0492 333.0 163.0 264 214
0492 203.5 189.5 141 223
0409 231.0 189.5 142 221
0409 343.0 165.5 256 209
0462 214.5 215.5 171 213
0505 325.5 193.0 283 188
0505 130.0 111.5 174 315
0455 142.5 124.5 175 299
0455 334.5 188.5 285 173
0418 141.5 141.0 225 278
0471 245.0 175.5 322 249
0445 244.0 147.5 238 273
0443 209.0 188.5 160 233
0443 353.0 153.5 220 193
0507 131.0 159.0 178 280
0469 356.0 157.5 234 211
0469 211.5 185.0 143 230
0500 117.5 140.0 237 290
0496 396.0 139.5 162 255
0496 208.0 153.0 226 272
0441 321.0 165.0 286 230
0408 332.0 173.5 274 215
0408 231.0 191.5 112 217
0410 229.0 197.0 164 218
0410 361.5 162.0 215 178
0508 157.0 172.0 162 274
0459 120.0 194.0 204 232
0433 120.5 206.5 205 217
0407 322.0 209.5 270 223
0407 226.5 202.5 111 199
0519 316.5 116.5 179 319
0516 289.0 198.5 144 225
0411 252.0 160.5 316 257
0490 372.5 206.5 215 239
0490 192.5 204.0 155 212
0417 135.0 139.0 240 280
0503 355.0 109.5 238 205
0503 140.5 111.0 169 312
0466 401.0 225.5 222 237
0466 189.5 211.0 93 194
0478 364.0 91.0 222 230
0478 133.0 126.5 184 295
0491 336.5 186.0 271 232
0491 192.0 192.5 140 213
0518 305.5 145.5 205 277
0506 326.5 225.5 275 187
0506 119.5 140.0 189 288
0486 207.5 212.0 151 230
0514 243.0 173.5 90 233
0414 361.5 90.0 201 238
0414 149.5 182.0 243 244
0481 333.0 200.0 268 202
0481 133.0 120.0 162 300
0498 143.5 139.0 247 294
0476 127.0 140.0 222 290
0415 150.5 122.5 239 307
0485 154.5 179.5 157 267
0438 246.5 280.5 333 187
0446 178.5 145.5 267 277
0502 138.0 124.0 184 300
0482 120.0 147.0 184 278
0504 347.5 167.5 263 165
0504 136.0 107.5 172 319
0479 143.0 119.0 170 300
0424 332.0 229.5 278 177
0424 126.5 144.0 165 278
0447 176.5 139.0 263 286
0458 119.5 177.5 199 249
0470 214.5 197.5 151 217
0470 359.0 146.5 224 211
0439 393.0 225.0 220 234
0439 189.5 219.0 93 180
0484 111.0 194.0 216 228
0419 133.0 124.0 196 298
0453 150.5 116.5 163 307
0453 352.5 106.5 247 201
0461 188.5 190.0 143 268
0473 174.5 146.0 275 278
0480 132.0 124.0 174 292
0437 428.5 294.5 111 125
0434 132.5 198.0 191 226
0456 339.5 206.0 277 190
0456 138.0 122.0 178 300
0493 218.5 185.0 137 240
0493 353.0 149.5 226 197
0422 360.0 169.0 248 168
0422 147.0 98.5 158 329
0427 134.0 188.0 180 238
0468 335.0 174.5 276 223
0468 194.5 184.0 145 232
0489 423.5 241.0 157 228
0489 196.5 233.0 113 174
0472 210.5 146.0 299 286
0450 144.0 145.5 218 277
0477 132.5 132.5 209 291
0495 246.0 167.0 280 264
0517 307.5 198.0 187 226
0501 136.5 130.5 205 299
0454 357.5 157.5 245 171
0454 155.5 124.0 157 296
0440 321.0 193.5 290 225
0440 202.0 199.5 110 201
0442 221.0 186.5 132 233
0442 358.0 152.5 240 197
0421 143.0 107.5 182 319
0421 361.0 110.0 238 200
0497 186.5 151.5 241 271
0497 381.5 112.5 165 257
0449 335.0 36.0 260 272
0430 122.0 204.5 220 217
0420 133.0 119.5 200 301
0448 148.5 149.0 237 280
0432 124.5 207.0 211 216
0483 113.5 188.5 207 233
0474 147.0 142.5 242 281
0429 126.5 204.5 209 219
0515 249.5 183.0 105 210
0413 198.0 140.0 236 284
0428 124.0 191.0 200 234
0520 320.0 122.5 176 307
0444 252.5 150.5 323 271
0575 366.0 195.0 168 220
0575 157.5 146.5 201 279
0544 310.0 186.5 216 225
0544 77.0 140.0 210 282
0648 114.0 196.5 296 209
0648 484.5 148.0 147 270
0530 126.0 112.5 158 309
0530 352.0 111.0 156 314
0617 204.0 134.5 234 273
0623 346.0 114.5 118 307
0623 93.0 232.0 254 186
0606 244.0 55.5 150 373
0577 148.0 118.5 146 315
0577 356.0 203.0 182 216
0597 188.5 50.0 257 320
0583 65.0 129.0 234 302
0583 367.0 205.0 184 212
0582 67.0 126.5 232 309
0582 361.0 212.0 188 202
0571 386.0 140.0 180 272
0571 97.0 138.0 220 278
0557 46.0 141.5 218 279
0557 366.5 120.5 173 293
0638 447.0 126.5 146 297
0638 49.5 126.5 205 295
0587 79.0 134.0 182 282
0587 383.5 137.5 185 281
0589 388.0 136.5 184 285
0589 83.0 171.0 198 260
0542 306.5 149.5 229 259
0542 59.0 140.5 228 283
0595 128.5 141.0 293 270
0566 407.5 140.5 181 281
0566 64.0 139.5 192 281
0649 108.5 191.0 229 222
0649 471.0 143.0 156 274
0631 380.5 136.5 179 283
0631 81.0 114.0 190 310
0654 416.5 139.5 165 279
0654 56.5 154.5 199 267
0556 352.5 100.0 193 326
0556 42.5 138.5 235 283
0620 272.5 126.5 185 235
0568 412.5 147.0 169 266
0568 86.0 169.5 160 273
0572 388.0 146.0 172 270
0572 150.0 200.0 146 214
0533 382.5 105.0 129 316
0533 122.5 110.5 173 315
0558 46.5 145.5 225 269
0558 370.0 156.5 176 259
0657 353.0 161.0 198 254
0657 87.5 118.5 161 301
0621 356.0 138.5 90 253
0630 381.0 128.5 172 295
0630 86.0 136.5 188 289
0543 296.0 168.0 234 240
0543 69.0 140.5 228 283
0573 387.0 142.0 154 280
0573 166.5 129.0 221 304
0551 298.5 52.5 239 313
0551 64.5 136.0 227 286
0643 386.0 135.0 192 280
0643 204.0 100.0 138 328
0536 129.0 124.0 154 300
0536 381.0 113.5 162 315
0628 303.0 156.0 228 260
0628 73.0 185.5 194 235
0570 406.5 148.5 161 265
0570 99.5 123.5 177 331
0554 337.5 99.0 191 332
0554 77.0 131.0 190 290
0598 192.5 57.5 251 337
0559 377.0 154.5 168 261
0559 48.0 142.5 220 273
0563 22.0 128.0 240 302
0563 403.0 123.5 166 291
0629 343.0 119.5 186 305
0629 80.5 158.5 187 261
0529 116.5 125.0 143 296
0529 359.5 117.0 135 316
0644 436.5 156.5 165 261
0644 190.0 120.5 268 297
0639 445.5 130.0 151 290
0639 70.0 63.0 176 368
0634 45.0 73.5 222 355
0634 391.5 133.5 187 283
0567 407.5 148.5 181 265
0567 60.5 145.0 193 290
0547 365.0 70.0 146 342
0547 89.0 129.0 186 292
0581 88.5 126.0 199 306
0581 358.5 208.5 189 209
0578 153.0 109.0 134 328
0578 358.0 203.5 186 213
0526 346.0 113.5 144 325
0526 108.0 119.5 218 307
0540 70.5 136.0 221 284
0540 373.0 135.0 168 284
0591 97.0 148.0 212 274
0591 373.5 163.5 199 257
0548 307.5 41.5 211 335
0548 67.0 134.0 224 286
0586 69.0 135.0 198 284
0586 375.5 148.0 195 278
0545 333.0 137.5 208 289
0545 79.5 133.5 193 289
0646 512.5 152.5 125 273
0646 135.5 137.0 295 282
0600 173.5 17.0 225 364
0594 332.0 80.0 160 326
0594 130.5 138.0 187 270
0550 316.5 37.5 225 339
0550 66.5 133.5 227 289
0622 143.0 215.5 258 205
0532 377.0 103.0 122 326
0532 121.5 116.5 177 305
0524 172.0 145.0 202 288
0523 218.0 119.0 278 326
0580 107.5 124.0 187 308
0580 361.0 206.5 186 209
0528 372.5 122.0 105 298
0538 377.0 132.0 168 294
0538 123.0 130.0 166 294
0608 254.5 53.0 157 384
0531 371.0 107.0 130 320
0531 113.5 115.5 151 305
0645 504.0 149.5 136 273
0645 178.5 139.0 267 274
0656 380.0 150.0 180 262
0656 80.5 139.5 169 287
0636 38.5 65.5 235 369
0636 433.5 126.5 155 293
0626 295.0 198.5 212 213
0626 21.5 276.5 203 141
0632 407.5 138.0 157 278
0632 80.0 120.5 186 311
0641 413.0 126.5 170 297
0641 147.0 64.0 152 360
0539 87.5 128.5 199 289
0539 377.0 130.0 166 294
0590 376.0 141.5 208 281
0590 73.5 140.5 201 279
0618 212.5 133.5 235 277
0537 379.5 114.5 163 317
0537 132.0 125.0 144 298
0616 284.0 130.5 136 277
0602 207.5 52.0 193 374
0627 332.0 183.5 184 233
0627 57.5 236.0 211 176
0576 150.0 135.0 174 286
0576 358.5 199.5 181 217
0611 227.5 158.5 203 247
0555 340.0 94.0 190 340
0555 53.0 141.0 224 278
0603 207.5 45.5 195 385
0593 364.5 97.5 173 345
0593 130.5 140.0 175 282
0525 131.0 103.5 276 329
0527 364.0 109.5 120 323
0564 54.5 132.0 203 296
0564 407.0 131.0 162 282
0650 99.0 195.5 212 217
0650 460.0 139.0 150 278
0658 347.5 180.0 147 242
0658 112.0 133.0 146 294
0635 36.0 56.5 234 381
0635 414.0 127.5 170 295
0546 350.5 72.5 165 353
0546 82.0 127.5 192 293
0562 44.5 136.5 223 281
0562 411.5 114.0 145 302
0637 50.0 73.0 212 354
0637 444.0 125.0 150 294
0624 349.0 124.5 166 283
0624 55.0 185.5 166 259
0592 368.0 186.0 196 242
0592 124.0 132.0 176 280
0640 424.5 129.0 165 296
0640 111.5 111.5 147 313
0604 216.5 58.0 177 362
0534 382.5 108.0 143 310
0534 126.5 122.5 153 297
0610 263.0 121.5 148 297
0619 225.0 139.5 224 271
0651 78.5 189.5 219 227
0651 444.5 139.5 169 279
0653 420.5 130.5 163 289
0653 66.0 155.5 198 267
0585 58.5 141.5 231 279
0585 372.5 193.5 181 231
0609 255.5 131.5 151 295
0588 394.0 134.0 178 288
0588 72.0 145.5 206 281
0522 302.0 122.5 220 319
0549 316.0 41.0 212 330
0549 63.0 133.0 230 290
0596 214.0 42.0 230 340
0565 409.5 129.0 175 292
0565 55.0 135.0 206 286
0552 353.0 78.5 196 241
0552 69.5 136.0 217 282
0579 125.0 113.5 160 315
0579 357.5 206.0 185 210
0574 156.5 133.5 219 299
0574 384.0 158.0 146 258
0647 107.0 165.5 322 239
0647 503.0 148.5 138 275
0541 340.0 142.0 196 274
0541 63.5 138.0 229 284
0625 304.0 157.0 202 258
0625 39.5 214.0 163 214
0659 318.5 188.0 179 240
0569 415.0 150.0 162 260
0569 71.5 155.0 185 300
0652 436.5 140.0 161 284
0652 89.5 177.5 189 243
0633 397.0 139.0 174 278
0633 66.5 76.0 203 350
0607 242.0 65.5 166 369
0584 367.0 209.5 188 205
0584 55.5 137.5 241 287
0605 225.0 31.0 172 400
0612 278.5 144.0 151 262
0535 384.0 104.5 166 327
0535 126.0 122.0 156 300
0613 230.0 140.5 196 267
0560 406.0 133.5 132 283
0560 71.5 128.5 197 299
0561 414.5 123.0 131 294
0561 71.5 135.0 189 286
0521 269.0 133.0 208 304
0655 35.5 112.0 209 316
0655 406.0 142.5 162 273
0642 186.5 81.0 201 340
0642 399.5 139.5 169 275
0553 76.5 126.5 195 295
0553 314.0 69.0 212 356
0674 374.0 190.5 166 227
0685 287.0 194.0 246 222
0686 380.0 189.5 184 227
0686 21.0 224.0 188 202
0667 393.5 159.0 147 258
0667 99.0 78.0 220 230
0661 373.0 162.5 156 271
0665 390.5 153.0 171 258
0665 115.5 48.0 201 220
0673 375.5 195.0 161 218
0683 358.5 161.5 149 255
0683 7.5 270.0 153 150
0708 240.0 125.5 146 299
0697 402.5 158.0 187 260
0697 83.0 111.0 162 310
0664 410.5 150.5 151 255
0664 95.0 50.0 212 168
0682 363.0 150.0 180 258
0682 14.0 255.5 206 177
0707 362.5 128.0 123 292
0668 396.0 163.0 142 252
0668 108.5 114.0 219 224
0663 430.0 155.0 132 244
0663 92.5 63.5 175 157
0689 433.0 201.5 144 205
0688 439.0 199.5 154 199
0678 376.0 137.5 170 279
0678 -2.5 311.0 153 140
0676 370.5 196.0 181 218
0700 82.0 135.5 238 287
0700 390.5 143.5 167 279
0662 415.0 156.5 126 261
0662 84.5 89.5 165 135
0679 364.5 141.0 179 274
0691 336.5 191.0 195 226
0684 354.5 178.5 149 241
0684 17.5 265.5 173 159
0694 74.5 161.5 127 241
0694 379.0 155.0 188 268
0706 365.0 132.5 130 287
0699 398.5 157.0 193 258
0699 56.5 116.0 227 310
0696 392.5 155.5 189 267
0696 75.0 121.0 162 296
0701 98.5 134.5 253 279
0701 390.5 142.5 153 283
0671 387.5 184.5 147 227
0671 130.5 177.0 165 262
0680 351.5 148.0 197 262
0698 396.0 155.5 202 263
0698 53.0 81.0 218 340
0693 367.5 174.0 183 248
0693 48.5 177.0 113 248
0704 146.5 119.0 273 300
0670 388.5 179.0 141 236
0670 130.5 166.0 165 242
0709 460.0 141.5 172 269
0709 162.0 138.5 244 277
0687 461.5 191.0 117 218
0669 392.5 168.0 145 248
0669 107.5 132.5 201 263
0702 114.0 139.0 322 276
0677 373.5 165.5 179 251
0703 115.0 143.0 318 272
0690 364.0 197.0 210 206
0695 389.5 158.0 183 264
0695 76.0 147.0 162 262
0681 363.0 145.0 172 272
0666 392.0 161.5 156 257
0705 192.5 132.5 227 287
0675 369.0 202.5 176 211
0672 376.5 193.5 157 221
0672 126.5 227.5 159 197
0692 7.0 207.0 142 236
0692 347.0 177.0 180 244
0660 328.5 170.0 173 260
0660 119.5 110.0 191 244
