0043 290.5 164.0 217 250
0043 104.5 151.0 203 272
0016 419.5 150.5 135 271
0016 73.0 115.5 202 311
0049 123.5 134.5 193 287
0077 3.5 150.5 199 263
0069 129.0 162.0 306 244
0069 415.0 115.0 190 194
0100 476.5 238.0 107 144
0100 74.5 258.5 79 137
0080 5.0 166.0 96 246
0050 257.0 190.5 156 221
0021 406.5 161.5 141 253
0021 123.5 151.5 167 301
0048 236.0 233.0 288 182
0024 386.5 146.0 139 270
0024 197.0 134.0 210 294
0020 410.0 160.5 142 257
0020 128.0 170.0 150 284
0056 329.5 115.0 147 300
0056 121.0 142.0 178 288
0067 224.0 109.5 378 319
0010 392.0 159.0 146 260
0010 109.0 126.5 192 293
0064 385.5 143.0 139 268
0064 233.0 78.5 140 325
0051 290.5 151.0 153 260
0051 112.0 134.5 210 287
0045 287.5 182.5 165 229
0045 152.0 127.5 152 295
0088 533.5 253.5 77 137
0088 59.5 229.5 101 161
0091 65.5 226.5 97 161
0091 527.0 249.0 66 140
0037 396.5 155.0 157 264
0037 114.5 118.5 187 259
0076 10.5 155.5 195 267
0055 311.5 184.0 153 232
0038 389.0 152.0 160 270
0063 395.5 147.5 141 267
0063 173.0 107.5 132 317
0041 130.0 142.0 260 284
0066 226.0 107.5 368 317
0023 396.0 159.0 134 254
0023 138.0 126.5 176 285
0073 423.0 137.5 214 217
0073 63.0 159.5 210 257
0015 407.0 154.5 150 265
0015 56.5 126.5 203 293
0018 414.5 146.5 145 275
0018 76.0 135.0 188 284
0082 4.0 189.5 138 221
0061 406.5 133.5 125 279
0061 113.0 127.5 204 291
0012 390.0 157.5 152 263
0012 48.0 132.0 242 286
0032 387.0 153.0 140 262
0032 68.0 119.5 228 309
0085 59.0 205.5 112 197
0085 574.0 259.5 66 129
0085 10.0 127.0 20 34
0072 409.5 105.5 229 199
0072 92.5 220.0 223 198
0054 261.0 146.5 212 275
0054 197.0 96.0 20 40
0046 267.5 222.0 217 192
0046 125.0 93.5 26 41
0098 58.5 254.5 107 131
0098 509.5 247.0 79 138
0036 398.5 154.5 153 267
0036 105.0 109.5 162 315
0079 4.5 160.0 135 260
0052 306.0 144.0 150 272
0052 115.5 133.0 209 290
0033 389.5 150.0 147 268
0033 65.5 111.5 231 323
0093 516.0 233.0 78 154
0093 66.5 232.0 83 152
0074 429.5 173.0 205 216
0074 47.5 155.5 219 265
0022 403.5 160.5 137 257
0022 130.0 143.5 176 289
0068 141.5 92.5 457 289
0086 579.5 292.0 53 98
0086 60.0 211.5 112 185
0086 135.5 133.5 19 39
0086 19.5 125.5 19 39
0029 374.0 153.0 146 264
0029 145.5 115.5 147 301
0030 380.0 154.0 142 260
0030 111.0 116.0 186 308
0059 388.5 139.0 127 276
0059 119.5 135.5 185 291
0096 512.5 233.5 75 153
0096 65.5 233.5 89 153
0053 269.5 155.0 199 260
0053 126.0 132.5 180 291
0053 183.5 96.0 19 38
0095 515.0 247.5 70 139
0095 63.5 234.0 87 150
0034 393.5 152.5 151 267
0034 72.5 123.0 213 302
0031 377.0 151.5 152 263
0031 87.5 113.0 205 318
0042 240.5 173.0 277 232
0011 389.5 155.0 149 266
0011 70.0 137.0 222 286
0084 53.0 196.0 108 208
0084 568.5 251.5 71 147
0058 369.5 136.0 137 278
0058 122.5 138.5 183 293
0070 404.5 109.5 193 187
0070 145.5 187.5 265 227
0026 376.5 147.5 141 269
0026 173.0 138.0 186 280
0025 170.0 138.5 206 277
0025 380.5 147.0 137 268
0089 536.5 247.5 63 141
0089 65.5 230.5 91 157
0062 406.5 149.5 131 267
0062 104.0 128.5 220 291
0013 395.0 159.0 150 262
0013 48.5 131.5 233 287
0047 245.5 236.0 263 176
0039 391.0 147.5 156 275
0039 101.5 143.5 143 275
0071 117.0 197.5 236 213
0071 401.0 105.5 212 189
0014 403.5 155.0 143 268
0014 57.0 133.5 212 281
0092 521.5 249.0 71 144
0092 65.5 222.5 87 165
0090 529.5 244.5 63 145
0090 58.5 230.0 103 160
0040 94.0 137.5 280 289
0040 369.0 146.5 168 265
0094 515.0 247.5 74 139
0094 66.0 234.0 84 150
0044 282.0 151.0 206 268
0044 125.5 133.0 185 292
0027 374.5 155.5 143 261
0027 160.0 125.0 154 296
0028 165.5 121.0 137 298
0028 374.5 156.5 145 261
0083 31.0 192.0 126 216
0060 395.0 130.5 126 281
0060 120.5 135.5 197 291
0065 360.5 141.5 145 279
0097 514.5 250.0 75 136
0097 57.0 247.0 108 140
0019 417.0 156.0 136 264
0019 71.0 142.0 194 292
0035 400.5 156.5 143 265
0035 80.0 112.0 198 318
0075 437.0 216.0 196 198
0075 18.5 182.5 209 241
0057 354.5 133.5 149 283
0057 125.0 142.0 174 290
0087 57.0 224.5 114 167
0017 419.5 149.5 155 269
0017 85.5 121.5 189 311
0099 494.0 254.0 102 128
0099 60.5 244.0 97 144
0108 455.5 206.0 93 188
0108 114.5 218.0 79 168
0108 129.0 143.0 22 30
0119 478.5 206.5 93 189
0119 68.0 255.0 168 132
0175 76.0 124.5 172 301
0130 325.5 144.0 147 266
0130 191.0 142.5 148 277
0130 58.5 99.5 21 43
0130 191.5 107.0 23 36
0148 140.5 127.0 165 288
0148 390.0 156.5 150 259
0126 317.0 205.5 138 191
0126 145.0 157.5 144 247
0155 396.5 153.5 145 269
0155 103.5 140.5 203 279
0155 416.0 98.0 22 38
0203 54.0 158.0 166 266
0105 119.0 225.5 116 161
0105 451.5 235.5 115 147
0122 355.0 212.5 200 175
0122 130.0 180.5 148 221
0167 87.5 175.5 153 245
0167 286.0 205.0 148 208
0110 470.0 216.5 78 179
0110 81.0 203.5 112 197
0117 482.5 204.0 87 192
0117 82.5 228.0 107 182
0118 487.5 205.0 85 190
0118 69.5 207.5 143 211
0146 390.0 145.0 152 266
0146 185.0 133.5 148 285
0246 88.5 146.5 299 267
0246 435.5 158.0 123 250
0246 401.5 101.5 23 39
0246 271.0 102.0 18 38
0237 392.0 170.0 176 240
0237 34.5 155.5 157 261
0154 395.5 149.0 145 274
0154 118.5 153.5 177 271
0154 424.0 95.0 20 40
0225 335.0 208.0 202 194
0156 382.5 153.5 155 273
0156 413.0 95.5 20 41
0156 138.5 130.5 177 289
0230 366.5 237.5 167 171
0230 219.0 93.5 20 43
0137 348.0 156.0 136 262
0137 174.0 180.0 170 240
0247 148.0 138.5 228 285
0247 405.0 154.5 134 265
0131 341.0 148.5 128 257
0131 190.0 143.0 160 280
0131 58.5 96.5 23 41
0233 382.5 243.5 155 153
0215 308.5 249.0 235 176
0141 343.0 161.0 126 250
0141 204.5 201.5 149 219
0191 108.5 167.0 227 278
0191 342.5 94.5 19 41
0199 43.0 136.5 178 299
0124 328.0 211.5 108 189
0124 155.5 201.5 105 197
0124 158.5 111.5 21 41
0132 352.0 151.0 126 258
0132 189.5 148.0 159 274
0132 197.5 103.0 19 40
0132 59.0 95.5 24 43
0232 362.0 250.5 152 147
0232 2.0 251.0 118 174
0192 93.5 153.0 193 292
0188 360.5 133.5 183 223
0236 370.0 130.5 208 279
0236 33.5 152.0 145 274
0242 27.0 145.0 220 282
0242 476.5 213.0 95 194
0166 275.5 199.0 185 218
0166 138.5 111.5 161 309
0218 384.0 224.0 152 198
0107 114.5 222.0 87 160
0107 456.0 225.0 86 164
0142 341.5 162.5 135 253
0217 385.0 221.5 152 203
0135 356.0 158.5 130 257
0135 179.0 145.5 162 279
0134 358.5 156.0 125 258
0134 186.5 157.5 157 265
0134 59.5 95.0 21 40
0134 195.5 102.5 21 37
0109 461.0 216.0 84 176
0109 86.5 210.5 101 179
0109 131.5 136.5 21 35
0151 383.5 138.0 169 284
0151 128.5 114.5 183 305
0151 414.0 96.5 20 41
0204 86.5 168.0 165 272
0183 122.5 150.0 159 270
0183 279.5 164.0 265 236
0183 167.0 95.0 22 40
0169 196.0 95.5 20 41
0169 327.5 96.5 19 41
0163 303.5 159.5 193 261
0163 186.0 138.5 132 279
0129 328.0 163.5 144 245
0129 181.0 138.5 152 277
0112 470.5 212.0 83 186
0112 85.5 198.5 115 205
0147 391.5 140.0 145 268
0103 475.5 232.0 89 154
0103 122.5 252.5 79 133
0182 369.0 144.5 188 261
0182 99.0 201.0 208 214
0210 184.0 57.0 242 354
0133 358.5 154.0 125 258
0133 189.5 158.0 149 262
0133 59.5 97.0 23 40
0133 197.0 102.5 20 37
0220 379.5 190.5 151 227
0238 452.0 225.0 114 172
0238 41.5 137.5 153 279
0125 326.5 198.0 111 212
0125 166.5 154.0 113 256
0125 169.0 113.5 22 37
0125 38.5 103.5 25 41
0139 339.5 163.5 137 253
0139 192.0 130.5 142 305
0196 461.5 260.5 183 113
0244 69.5 143.0 243 278
0244 464.0 193.5 112 217
0244 413.5 103.0 23 38
0153 381.0 148.5 200 271
0153 124.0 145.0 184 286
0153 560.0 95.5 24 35
0197 49.0 121.5 166 313
0198 45.0 123.5 164 315
0200 51.0 139.0 164 298
0234 -4.5 213.5 183 209
0234 410.5 226.0 135 182
0234 220.0 94.0 20 42
0140 344.0 164.5 128 251
0245 65.0 156.0 294 256
0245 451.5 163.5 119 249
0245 281.5 101.0 23 42
0245 412.5 103.0 21 38
0143 224.5 136.5 293 285
0193 89.0 139.0 160 294
0177 429.5 141.0 99 258
0177 74.5 69.5 189 359
0228 289.0 224.5 220 189
0159 350.5 146.5 145 279
0121 131.5 190.0 165 218
0121 401.5 193.5 165 189
0116 482.5 211.0 89 186
0116 53.5 207.0 153 198
0178 423.0 143.0 152 266
0178 81.0 66.0 194 368
0144 382.5 159.0 151 250
0180 425.5 148.5 149 261
0180 87.5 109.5 193 319
0223 388.0 196.5 138 221
0160 341.5 144.5 143 277
0160 198.5 138.5 165 277
0206 385.5 249.5 163 159
0219 377.5 208.5 153 213
0224 354.0 203.0 204 206
0226 255.0 94.0 20 42
0239 452.0 221.5 118 179
0239 36.5 136.5 169 279
0239 268.5 103.5 19 39
0243 36.5 148.5 243 279
0243 469.0 191.0 102 218
0243 411.0 103.0 22 38
0194 478.0 94.0 18 42
0194 69.0 122.5 168 311
0176 407.5 137.5 127 281
0176 76.5 117.5 179 307
0172 271.5 136.0 217 286
0172 176.5 96.0 21 40
0171 210.5 111.0 247 316
0184 252.0 163.0 250 252
0184 86.5 67.5 167 277
0184 310.5 95.5 21 41
0195 447.5 177.0 197 188
0202 42.0 154.0 188 272
0235 355.5 128.0 211 282
0201 39.5 183.5 171 247
0150 395.0 149.5 140 269
0150 125.5 114.0 179 304
0150 404.0 96.5 20 41
0211 253.5 202.5 153 211
0123 351.5 216.5 161 177
0162 340.5 143.0 147 284
0162 188.5 144.0 171 278
0162 445.5 96.0 23 40
0162 314.5 96.5 19 41
0216 376.0 228.5 164 195
0145 389.0 152.5 156 261
0158 354.5 152.5 153 273
0158 121.5 152.5 201 251
0174 62.5 139.5 187 281
0168 288.0 156.5 152 263
0168 87.5 175.0 155 246
0187 352.0 155.5 132 247
0114 477.5 212.5 89 191
0222 391.5 196.0 133 222
0231 373.5 240.5 159 153
0120 470.5 188.5 103 205
0120 125.5 216.5 115 183
0101 480.5 252.5 95 129
0101 87.0 244.5 84 145
0127 297.5 208.5 179 197
0127 147.5 146.0 141 270
0161 341.0 145.0 144 276
0161 190.0 140.0 176 272
0161 451.5 95.5 21 39
0113 475.0 217.5 92 181
0113 83.0 199.5 118 201
0128 307.5 220.5 185 185
0128 175.5 148.0 155 268
0111 471.5 215.0 79 180
0111 81.0 199.5 116 201
0138 345.5 161.0 137 254
0138 168.0 146.0 172 274
0157 373.0 155.0 154 270
0157 138.5 123.0 181 300
0102 481.5 235.5 79 147
0102 78.5 228.5 111 155
0104 462.0 238.0 102 144
0104 127.5 228.0 113 158
0165 149.0 127.0 138 286
0165 281.5 210.0 197 206
0190 113.5 177.5 239 263
0241 27.5 127.0 205 306
0241 474.5 217.0 97 186
0149 120.5 120.0 185 296
0149 393.5 149.0 145 264
0179 425.0 146.0 150 262
0179 83.5 65.0 193 366
0164 290.5 203.0 187 216
0164 412.0 94.5 22 41
0227 262.5 219.5 225 193
0229 315.5 220.0 199 196
0221 372.0 196.0 158 220
0221 428.5 88.5 19 39
0212 269.5 182.0 139 242
0136 335.5 159.0 155 256
0136 176.5 152.5 165 271
0205 128.5 217.5 169 219
0185 259.5 151.0 217 266
0185 95.0 49.5 184 297
0181 418.5 147.5 159 265
0181 88.5 154.0 191 272
0181 180.5 95.5 21 41
0106 450.5 227.0 113 156
0106 128.5 142.5 19 33
0106 16.0 134.0 20 38
0213 385.0 199.0 144 226
0115 476.5 210.5 93 187
0115 78.5 213.5 121 189
0240 40.5 132.5 165 287
0240 470.0 228.0 104 180
0214 350.0 238.5 224 195
0186 272.5 144.5 191 277
0186 132.5 67.5 161 273
0209 193.0 96.0 232 342
0152 383.5 144.5 165 277
0152 128.0 115.5 188 305
0152 417.5 96.5 21 41
0378 448.5 146.5 143 249
0349 332.0 151.0 140 270
0258 459.0 108.0 186 204
0258 51.0 137.0 128 268
0345 176.0 119.0 202 308
0345 347.0 148.0 148 272
0280 382.5 228.0 103 182
0280 37.0 174.0 176 234
0340 377.5 153.0 151 262
0340 110.0 127.0 216 294
0272 493.0 206.5 104 193
0272 59.5 196.5 111 207
0353 187.0 134.0 238 292
0353 432.5 136.5 167 253
0367 49.0 186.0 156 226
0350 271.0 147.5 202 279
0368 44.5 184.5 155 231
0249 365.5 149.0 131 272
0249 234.5 130.5 147 289
0277 409.5 215.5 185 167
0277 29.0 200.0 154 196
0361 443.0 179.5 184 193
0361 44.5 141.0 163 288
0374 150.0 157.0 202 252
0374 409.5 172.5 127 235
0283 270.5 182.5 191 211
0376 388.5 162.0 85 248
0376 220.5 144.0 133 272
0285 161.0 34.5 190 405
0285 360.5 145.5 93 275
0385 455.5 158.0 185 180
0385 33.0 144.0 148 268
0383 453.0 95.5 190 233
0383 87.0 204.0 86 198
0342 374.5 159.5 147 261
0342 120.0 141.0 236 282
0266 52.0 206.0 124 198
0267 58.5 204.0 117 200
0265 51.5 210.5 127 189
0375 169.0 154.5 200 263
0375 393.5 166.0 105 244
0357 427.0 73.5 204 247
0357 77.0 135.5 174 279
0269 484.0 256.0 84 142
0269 54.0 198.5 128 203
0253 147.0 143.5 210 283
0253 191.5 96.0 21 42
0253 447.5 118.5 197 223
0275 495.0 203.0 102 198
0275 17.0 208.0 174 184
0282 296.5 202.0 215 178
0362 439.0 217.5 192 181
0362 46.5 148.5 165 275
0369 39.0 168.0 190 244
0369 448.0 293.5 156 123
0366 57.0 161.5 146 257
0373 107.5 164.0 249 248
0373 442.0 189.0 118 220
0344 339.5 145.0 159 276
0344 180.5 111.5 187 315
0380 132.5 160.0 179 262
0380 407.0 101.5 226 223
0372 75.5 170.0 275 232
0372 455.5 235.0 109 172
0377 384.5 160.0 139 254
0356 407.0 76.5 220 245
0356 93.0 131.0 162 298
0271 495.0 200.5 102 205
0355 417.0 94.5 202 225
0251 470.0 148.0 150 256
0251 218.0 96.0 22 42
0263 57.5 174.5 127 233
0386 31.0 152.5 156 259
0386 451.5 223.5 187 153
0347 181.0 133.5 216 287
0248 395.5 152.5 125 269
0281 344.0 225.0 166 164
0281 65.5 174.5 173 231
0387 45.0 156.0 130 264
0387 448.0 300.5 170 97
0379 429.0 116.5 194 233
0379 163.0 173.5 194 255
0278 391.0 235.5 182 151
0278 47.0 174.0 134 230
0346 165.5 135.5 289 297
0262 56.0 191.0 126 216
0257 463.0 85.5 182 223
0250 221.0 140.0 300 274
0354 415.5 114.0 201 228
0354 143.5 152.5 243 269
0371 74.0 163.5 202 247
0371 467.5 248.5 85 155
0274 29.0 178.5 154 223
0274 488.5 203.0 95 200
0261 143.0 117.0 20 38
0261 458.0 300.5 182 97
0260 455.5 217.0 185 140
0260 36.0 153.0 148 260
0351 308.5 147.5 143 283
0348 349.0 146.0 148 276
0348 186.0 108.0 192 316
0270 493.0 246.5 106 151
0384 43.0 135.0 134 274
0384 462.5 128.0 175 198
0381 122.5 158.0 135 260
0255 100.5 145.0 145 278
0370 45.5 186.5 211 229
0370 481.5 261.0 93 152
0365 60.5 153.5 147 267
0259 462.5 165.0 179 166
0363 47.5 144.0 149 278
0363 428.0 311.5 198 91
0364 55.5 150.0 147 272
0341 380.5 156.5 145 261
0341 104.0 133.0 228 294
0268 47.5 198.5 137 201
0352 184.0 136.0 296 288
0256 155.0 96.0 20 40
0256 286.0 102.5 24 37
0279 49.5 181.5 151 219
0279 382.5 236.5 153 153
0284 295.0 166.0 132 244
0273 494.5 203.0 103 198
0273 56.5 192.0 113 216
0276 18.0 207.5 174 185
0276 479.0 202.0 104 202
0252 463.0 152.0 170 224
0252 161.0 147.0 230 272
0264 55.5 202.0 123 202
0358 432.0 81.5 204 245
0358 71.0 138.5 160 277
0359 451.0 107.5 186 217
0359 56.5 137.5 163 293
0360 448.0 150.0 174 194
0360 52.0 140.5 162 289
0343 147.0 138.5 234 285
0343 349.0 151.5 158 273
0410 329.5 213.5 165 199
0448 433.0 161.5 174 223
0448 171.5 136.5 271 271
0408 331.0 213.5 170 209
0403 343.5 235.5 161 169
0483 84.0 252.0 156 130
0483 514.5 236.0 75 150
0461 8.5 182.5 91 235
0412 298.0 199.0 162 216
0456 13.5 165.5 187 249
0456 452.5 255.0 189 138
0486 137.5 253.0 143 120
0486 473.5 243.5 77 145
0446 172.0 90.0 174 326
0446 395.0 153.0 140 260
0455 452.0 162.5 188 209
0455 17.0 161.5 200 255
0469 52.0 225.5 126 183
0469 458.0 330.5 148 55
0472 53.5 212.5 127 193
0472 489.5 310.5 133 65
0458 6.0 168.5 194 241
0450 429.5 141.0 193 194
0450 103.0 166.0 310 234
0421 302.0 146.0 212 286
0421 54.5 138.0 171 280
0499 259.0 199.5 210 203
0406 396.0 236.0 150 170
0424 358.5 147.0 211 282
0424 48.0 139.5 182 285
0390 50.0 203.0 140 198
0437 443.0 154.0 146 266
0437 14.0 131.0 214 294
0423 348.5 149.0 205 278
0423 48.0 139.0 180 282
0409 332.0 214.0 170 204
0409 248.0 246.0 112 192
0452 438.5 111.5 191 191
0452 76.5 185.0 229 236
0482 71.5 249.0 169 130
0482 537.5 251.5 63 133
0464 5.5 202.5 131 203
0401 413.0 192.5 134 211
0487 468.5 240.0 79 152
0487 131.5 233.5 161 143
0426 29.0 132.5 210 287
0426 373.5 150.0 205 280
0491 221.0 206.5 206 185
0442 10.0 127.0 198 292
0442 401.0 155.5 208 255
0427 17.5 139.0 225 282
0427 398.5 146.0 167 282
0441 430.0 155.0 174 258
0441 0.5 131.0 215 296
0474 494.0 272.5 142 97
0470 452.0 336.5 166 49
0495 192.5 214.0 233 192
0393 40.0 200.0 204 214
0497 323.0 205.0 154 200
0445 401.0 142.0 148 276
0445 135.5 113.5 139 309
0465 32.0 198.0 126 216
0488 147.5 238.0 151 142
0488 455.0 228.5 82 165
0485 488.5 243.5 75 145
0485 161.0 247.5 92 137
0432 24.0 173.5 220 255
0432 428.5 156.0 159 264
0460 7.5 167.0 133 246
0394 74.0 195.0 204 208
0394 486.0 271.0 78 112
0400 434.0 176.0 100 232
0400 132.5 267.0 159 142
0397 447.0 215.5 112 185
0397 87.0 194.5 188 217
0467 59.0 197.5 118 209
0414 333.5 161.5 105 179
0451 422.5 114.0 191 200
0451 102.5 199.0 247 210
0388 51.5 170.5 125 239
0436 439.0 160.5 148 259
0436 16.5 173.5 233 255
0405 304.5 218.5 167 191
0395 462.0 252.0 86 150
0395 70.5 199.0 245 202
0454 450.5 142.5 191 195
0454 29.5 160.5 205 257
0431 430.0 154.5 154 265
0431 23.0 145.0 198 282
0468 47.0 206.5 144 203
0466 56.5 202.0 113 202
0459 7.0 160.5 156 259
0411 318.5 220.5 171 187
0399 444.5 181.0 103 222
0399 163.5 219.0 95 176
0457 8.0 171.0 188 236
0457 456.0 311.5 182 89
0418 235.0 131.5 254 291
0494 188.0 217.5 268 191
0476 67.0 211.0 98 188
0398 444.0 198.5 108 205
0398 118.0 197.5 142 215
0492 214.5 199.5 199 197
0392 33.5 206.0 195 200
0493 219.0 206.0 222 192
0430 431.0 149.5 158 271
0430 23.5 112.0 199 312
0391 39.0 197.0 164 210
0413 311.5 165.5 143 241
0433 428.5 157.0 161 264
0433 23.0 199.0 234 224
0447 213.5 116.5 195 303
0447 383.5 158.0 141 258
0478 576.5 295.0 53 86
0402 404.5 198.0 109 216
0453 432.5 114.0 207 190
0453 57.0 184.0 210 234
0389 60.0 184.5 110 231
0434 434.0 159.5 154 259
0404 336.0 235.0 154 172
0496 255.5 209.5 207 189
0473 484.0 271.0 146 108
0473 55.5 211.0 127 190
0429 421.5 146.0 161 276
0429 23.0 121.5 216 299
0440 453.5 157.0 145 264
0440 -5.0 119.5 224 317
0449 437.5 165.5 181 191
0449 125.5 156.0 297 254
0439 454.0 155.5 138 267
0439 4.5 128.0 215 298
0489 422.0 222.5 116 173
0489 175.0 218.5 124 169
0484 506.0 251.5 78 133
0484 121.5 258.0 113 126
0422 339.5 140.0 185 296
0422 67.0 143.0 172 278
0419 269.5 151.0 187 274
0419 141.5 150.5 159 265
0396 72.5 194.0 223 214
0396 451.0 235.5 110 169
0490 217.0 205.5 130 193
0490 393.0 221.0 126 172
0444 80.5 104.5 149 333
0444 386.0 149.0 196 262
0498 353.5 190.0 113 200
0435 438.5 159.0 151 260
0435 19.5 201.5 241 217
0425 37.5 130.5 243 283
0425 373.0 150.0 204 278
0438 454.5 154.5 141 269
0438 18.0 116.5 202 309
0479 549.0 266.0 68 118
0479 57.5 236.5 119 149
0443 14.5 127.5 195 297
0443 386.0 163.5 228 249
0480 50.5 248.0 147 144
0480 559.5 260.0 45 126
0475 60.5 207.5 113 193
0428 20.0 126.5 228 299
0428 408.5 141.5 151 287
0420 258.5 153.0 221 276
0420 64.5 146.0 185 264
0407 393.5 226.0 121 194
0407 151.5 189.5 227 227
0481 76.5 236.5 127 149
0481 545.5 254.0 55 130
0417 233.5 150.0 165 272
0518 64.5 141.0 199 268
0518 371.0 162.0 152 258
0562 365.5 140.0 147 272
0562 159.5 135.0 159 286
0556 383.0 149.5 140 261
0556 130.0 112.0 188 318
0539 73.0 109.0 198 318
0539 344.0 73.0 130 272
0604 210.0 121.5 206 299
0643 347.0 153.0 122 262
0643 206.0 141.5 162 287
0636 348.0 155.0 118 262
0636 154.0 161.0 168 280
0583 344.0 154.0 162 268
0583 131.0 158.5 184 243
0543 119.0 134.0 222 284
0603 328.5 170.5 155 255
0603 153.0 148.0 200 268
0592 324.0 216.0 194 204
0592 134.0 122.5 162 285
0575 393.5 153.0 135 260
0575 97.0 120.0 184 302
0645 336.0 161.5 142 251
0645 261.5 140.5 81 287
0503 402.0 218.5 108 167
0608 402.5 155.5 115 257
0608 174.0 127.0 124 296
0525 90.5 130.0 169 294
0525 320.0 152.0 230 268
0551 128.0 138.5 178 287
0551 392.0 170.5 110 241
0535 408.0 157.5 134 261
0535 40.5 110.5 227 321
0568 196.0 125.5 216 293
0568 389.0 141.5 130 263
0537 392.5 158.5 145 259
0537 52.0 124.5 204 299
0531 381.0 154.5 140 261
0531 63.5 127.5 223 293
0555 112.5 123.0 197 296
0555 389.0 153.0 122 258
0565 218.0 121.0 204 306
0565 392.5 155.5 131 253
0559 378.5 153.5 143 265
0559 131.5 137.0 165 304
0609 398.5 142.5 125 269
0609 166.0 110.5 130 329
0521 402.0 150.0 142 274
0521 46.5 135.0 207 280
0612 401.5 149.0 123 264
0612 114.0 111.5 190 323
0520 390.0 150.0 154 272
0520 58.5 135.0 193 276
0641 344.0 152.0 126 268
0641 208.5 160.0 129 284
0580 146.5 136.0 175 278
0580 396.0 174.5 150 251
0613 399.0 157.0 124 258
0613 116.5 106.5 183 321
0554 112.0 122.5 202 291
0554 396.0 155.0 102 262
0569 411.0 175.5 98 247
0515 116.5 136.5 173 265
0515 351.0 164.0 146 280
0637 350.5 151.5 121 267
0522 406.0 147.5 146 275
0522 27.0 131.5 220 293
0573 389.5 151.5 137 265
0573 142.5 105.0 149 330
0587 337.5 150.0 145 274
0595 326.0 226.0 198 194
0595 128.5 136.5 177 285
0550 127.5 147.5 165 283
0550 381.5 177.5 111 227
0506 346.0 241.0 126 192
0545 75.5 192.5 371 225
0615 406.0 156.0 124 256
0615 123.0 177.0 178 252
0621 341.0 193.0 150 226
0621 92.0 193.5 168 223
0631 340.0 164.0 130 250
0631 165.0 121.5 150 311
0642 342.5 148.5 131 267
0642 212.5 151.0 131 300
0632 333.0 156.5 128 243
0632 158.5 141.0 161 290
0504 374.5 233.5 121 179
0578 400.0 160.5 138 257
0578 109.0 148.5 194 271
0624 387.5 177.5 85 221
0624 128.0 155.5 158 267
0560 379.5 164.0 139 246
0548 339.5 180.5 157 215
0548 116.0 161.5 174 277
0638 348.5 151.0 127 266
0638 156.5 146.0 193 278
0588 338.5 151.5 157 277
0588 180.5 136.5 179 273
0534 400.0 155.5 138 263
0534 46.0 115.5 224 317
0611 399.5 150.5 125 263
0611 127.0 119.5 162 299
0622 106.5 175.5 159 249
0574 396.0 152.0 130 264
0574 115.0 124.0 180 292
0571 410.0 170.5 104 255
0571 158.0 114.0 146 314
0586 176.0 129.5 212 289
0549 120.5 174.5 165 255
0549 365.0 177.0 138 220
0505 349.0 230.5 124 183
0529 63.5 130.0 231 292
0529 370.5 158.5 137 261
0594 327.0 214.0 188 204
0594 124.5 123.5 173 289
0602 324.5 181.5 165 245
0602 154.0 135.5 198 271
0517 67.5 140.5 221 265
0517 358.0 162.0 156 276
0581 146.5 123.0 177 300
0581 371.5 160.0 165 260
0557 385.0 148.0 138 264
0557 128.0 132.0 184 292
0584 356.5 152.0 143 270
0584 208.0 120.5 122 301
0519 65.5 132.5 183 277
0519 379.5 153.0 151 276
0589 335.5 174.0 165 248
0589 170.5 122.0 139 296
0591 326.5 224.5 187 193
0591 155.5 115.5 143 309
0629 277.5 151.0 193 266
0629 159.5 118.5 147 307
0558 378.5 153.0 147 258
0558 125.0 136.0 192 296
0644 343.5 157.5 133 257
0644 198.5 128.0 173 288
0593 331.5 218.0 185 202
0593 116.5 124.0 185 290
0502 312.0 235.0 246 178
0639 349.5 152.5 129 263
0639 163.0 171.0 152 270
0599 316.0 229.0 214 194
0599 165.0 142.5 178 269
0509 293.5 240.5 183 207
0576 392.0 159.0 144 258
0576 110.0 113.0 186 310
0561 375.0 164.5 146 245
0561 167.0 128.0 144 310
0553 397.0 162.5 102 257
0553 128.0 124.5 180 305
0547 307.0 194.0 190 212
0547 105.0 166.5 166 273
0533 388.5 154.5 147 265
0533 72.0 123.0 198 298
0625 138.0 134.5 164 291
0625 305.5 196.5 163 211
0512 182.5 182.0 153 214
0512 306.0 234.5 192 215
0508 254.0 233.0 116 156
0619 162.0 197.0 188 226
0619 382.0 195.5 94 213
0527 366.0 148.0 136 278
0527 94.5 138.0 179 292
0513 150.0 150.5 156 251
0513 323.5 176.5 179 271
0544 286.0 169.5 106 201
0618 165.0 149.5 174 275
0618 388.0 196.5 94 213
0605 401.5 190.5 143 219
0605 204.0 138.5 202 279
0514 139.0 128.0 152 276
0514 343.0 160.5 156 285
0610 399.5 152.0 121 260
0610 147.0 119.0 138 312
0582 141.5 76.0 189 348
0582 364.5 158.0 173 260
0585 199.0 128.0 212 294
0628 274.5 150.0 207 270
0640 350.5 148.0 127 268
0640 189.5 164.0 141 278
0630 164.0 111.5 148 315
0646 328.5 161.0 151 252
0526 342.0 153.5 216 261
0526 93.0 127.5 170 299
0600 314.5 222.0 207 204
0600 166.0 138.5 172 275
0626 148.0 138.5 158 283
0633 337.5 153.0 125 258
0633 158.0 162.0 162 278
0620 288.0 202.0 184 214
0620 109.0 204.0 162 208
0606 412.0 164.5 128 247
0606 175.0 130.0 212 288
0597 112.5 142.0 205 278
0597 323.5 222.0 203 198
0552 396.0 165.0 106 252
0552 118.0 141.5 184 283
0542 99.5 107.0 221 328
0541 326.5 79.5 95 273
0541 69.5 115.5 221 313
0607 404.0 162.5 124 251
0598 332.0 226.5 200 193
0598 108.5 154.0 217 268
0567 198.0 116.0 214 318
0567 410.5 190.0 105 222
0528 369.0 159.5 138 259
0528 79.5 122.0 211 302
0616 395.5 152.0 119 256
0616 124.5 146.0 181 282
0563 350.5 130.0 169 278
0563 166.0 137.0 174 278
0623 117.0 173.0 170 252
0570 392.0 193.5 134 217
0627 153.5 116.5 151 309
0572 391.5 152.0 133 262
0572 147.5 109.0 147 316
0564 355.0 150.5 164 259
0564 210.0 135.0 132 274
0590 321.5 208.0 193 212
0590 166.5 116.5 143 297
0511 200.5 206.0 147 206
0511 314.0 237.5 178 215
0546 242.0 206.0 246 198
0566 207.0 111.0 218 320
0566 399.5 152.0 125 256
0524 343.0 161.5 242 253
0524 79.5 123.0 173 298
0523 383.5 142.5 193 279
0523 62.5 128.0 181 292
0532 386.0 157.5 138 261
0532 66.5 117.5 205 309
0500 294.5 185.0 167 252
0635 345.0 156.5 118 257
0635 155.5 143.5 167 291
0516 89.5 136.5 195 271
0516 358.5 165.5 147 275
0617 111.5 150.0 201 274
0617 391.0 195.0 92 212
0540 270.0 68.0 164 272
0540 72.5 117.5 203 309
0536 44.0 117.5 224 311
0536 395.5 183.5 149 229
0601 319.0 209.5 184 213
0601 167.0 139.5 180 273
0596 333.5 225.0 177 194
0596 124.0 185.0 180 236
0579 96.5 152.0 209 266
0579 399.0 162.0 142 254
0577 394.0 158.0 144 258
0577 113.5 143.5 187 287
0538 392.0 113.5 118 269
0538 62.0 118.0 192 304
0634 359.0 158.5 98 257
0634 155.0 158.5 164 281
0510 291.0 235.5 190 217
0614 403.0 157.0 124 258
0614 118.5 117.0 177 306
0530 378.0 165.0 142 250
0530 64.0 122.5 234 307
