0504 496.0 220.0 116 170
0504 57.5 210.0 197 184
0471 54.0 109.0 216 320
0471 418.0 135.0 154 268
0281 365.5 159.0 171 250
0281 230.0 140.0 96 294
0404 395.0 150.0 140 256
0404 216.0 202.5 94 199
0321 70.5 171.5 135 253
0575 87.0 141.0 268 288
0575 429.0 100.5 206 225
0561 379.0 148.5 140 263
0561 141.5 127.5 157 293
0061 46.0 185.5 148 229
0654 252.0 219.5 238 191
0245 450.5 183.5 143 235
0063 45.5 187.5 147 227
0034 171.5 132.5 231 297
0034 377.5 162.5 137 249
0256 384.0 211.0 198 182
0027 407.0 148.5 184 257
0027 114.5 126.0 189 296
0758 392.5 140.5 143 267
0758 175.5 123.5 179 297
0508 461.0 196.5 122 189
0508 119.5 200.0 177 200
0713 412.5 184.5 143 233
0522 116.5 150.0 171 270
0522 341.5 192.5 143 213
0134 243.5 152.5 157 271
0134 383.5 191.0 135 232
0472 424.5 139.5 141 269
0472 24.5 121.5 261 295
0284 241.5 101.5 159 323
0284 376.5 142.5 153 269
0379 56.5 171.5 213 257
0379 450.0 150.0 192 244
0656 224.5 139.5 267 279
0586 54.0 167.0 200 244
0402 412.5 134.0 147 264
0402 105.0 133.0 248 294
0634 399.5 150.0 151 260
0634 173.0 183.0 192 240
0192 24.5 145.0 231 282
0192 422.0 357.5 208 59
0044 391.0 90.5 258 237
0261 375.0 225.5 178 153
0261 45.5 196.0 99 222
0723 425.5 173.5 147 233
0723 163.0 152.0 218 274
0619 133.5 151.0 153 272
0619 335.0 214.0 190 198
0520 81.0 140.0 484 272
0046 88.0 137.5 168 281
0318 53.5 149.0 157 278
0604 66.5 148.0 293 262
0604 484.5 195.0 141 222
0662 306.5 196.5 153 209
0203 -0.5 123.5 231 323
0581 59.5 151.0 157 272
0103 299.5 208.5 169 185
0103 147.0 176.5 136 261
0531 396.0 156.0 152 256
0531 129.5 132.0 177 288
0660 216.5 205.0 291 206
0085 517.0 222.0 76 158
0085 98.0 258.0 80 134
0259 397.5 218.0 107 174
0259 4.0 247.5 122 149
0749 268.5 174.5 213 249
0749 126.0 143.5 166 281
0524 120.0 142.5 170 267
0524 404.0 175.0 90 230
0351 446.0 159.0 150 250
0351 100.5 153.0 269 268
0293 408.5 153.0 153 252
0293 150.0 230.0 206 184
0755 380.5 148.5 155 275
0755 142.5 134.5 183 293
0726 416.0 151.5 140 263
0726 127.5 137.0 161 288
0150 233.0 123.0 172 290
0521 393.0 178.0 84 244
0354 272.0 148.0 230 266
0493 14.5 162.5 149 245
0147 278.5 141.5 95 253
0050 62.0 142.0 188 282
0663 192.0 130.0 152 288
0069 50.5 184.5 131 229
0206 38.5 114.5 187 339
0206 467.0 315.0 164 92
0652 180.0 116.0 270 304
0725 416.5 148.0 141 268
0725 126.5 145.5 181 279
0349 65.5 154.5 285 255
0349 482.5 157.5 125 247
0266 295.0 188.5 152 205
0266 145.5 164.5 111 245
0300 372.0 134.0 148 264
0185 118.0 89.0 184 368
0400 91.5 140.0 275 276
0400 436.5 142.0 159 262
0127 215.0 134.0 386 298
0110 379.0 122.5 104 243
0110 137.0 145.5 156 277
0298 382.5 140.5 159 273
0298 95.5 148.5 219 269
0178 16.5 243.5 211 215
0178 432.5 312.5 187 83
0076 68.0 209.0 96 188
0076 525.0 226.5 72 157
0541 381.0 165.5 180 251
0541 178.0 128.5 196 287
0263 334.5 184.5 199 211
0263 79.0 168.5 124 243
0124 125.5 162.0 315 244
0124 394.0 176.5 240 189
0056 48.5 154.0 157 266
0315 51.5 147.5 165 279
0631 429.0 171.5 144 237
0631 178.0 190.5 274 229
0055 55.0 152.0 148 270
0537 187.0 160.0 192 258
0537 368.0 150.0 166 260
0158 220.0 242.0 178 142
0548 389.0 152.0 152 260
0548 126.0 116.0 188 306
0477 389.0 133.0 148 268
0477 204.5 91.5 219 325
0387 74.5 159.5 187 283
0557 380.5 129.0 153 280
0557 152.5 148.0 213 284
0202 19.0 108.5 202 345
0202 463.0 303.0 174 100
0277 375.0 149.5 142 255
0277 131.5 135.0 169 286
0709 362.0 146.5 168 263
0700 388.0 155.5 152 261
0700 180.5 133.5 179 287
0519 103.0 146.0 336 276
0113 322.5 89.5 173 285
0113 155.5 132.0 163 288
0342 115.0 152.5 202 269
0342 496.5 245.5 119 157
0560 382.0 151.0 138 256
0372 425.5 145.0 187 194
0348 73.0 148.0 234 272
0348 483.5 162.0 129 250
0339 177.0 149.5 174 273
0339 471.0 242.5 126 161
0094 363.0 229.0 152 154
0094 103.5 194.0 101 216
0653 315.0 216.0 182 190
0225 394.0 202.5 168 203
0216 130.0 110.0 176 340
0216 427.0 242.5 106 165
0194 34.0 127.5 200 307
0080 521.0 229.0 102 156
0080 57.5 242.5 107 153
0513 313.0 181.0 202 204
0513 146.5 171.5 175 239
0648 347.5 213.5 177 197
0648 173.0 109.0 184 320
0464 402.0 158.5 166 257
0464 119.0 122.0 180 302
0385 40.0 160.0 158 284
0102 222.5 201.5 197 211
0688 367.5 144.5 159 265
0688 224.0 147.0 170 274
0218 120.0 138.0 194 300
0218 427.5 235.0 103 164
0516 170.5 163.5 273 247
0073 60.0 203.5 98 197
0073 534.0 241.5 82 151
0361 424.5 147.0 97 268
0361 104.5 126.0 195 306
0242 436.5 185.0 145 238
0571 372.0 165.0 168 244
0571 148.0 137.5 242 299
0596 99.0 134.5 212 283
0596 392.0 230.0 242 182
0552 381.0 146.0 170 272
0552 137.0 206.5 110 193
0727 414.0 149.0 144 262
0727 128.0 144.0 126 276
0505 486.0 216.5 126 179
0505 68.5 204.0 231 190
0600 71.5 144.0 209 278
0600 531.5 272.5 101 143
0515 135.0 151.5 298 265
0148 272.5 79.5 175 321
0606 467.0 165.0 128 246
0606 89.5 155.0 259 256
0492 8.0 169.0 190 230
0129 473.5 185.0 103 234
0142 299.0 124.5 154 283
0630 441.0 170.5 144 239
0630 176.0 170.5 264 263
0572 460.5 138.0 175 254
0572 156.5 129.5 231 301
0221 438.5 211.5 125 181
0221 176.5 160.0 159 290
0138 227.0 177.0 160 256
0136 332.5 148.0 167 266
0136 137.5 139.5 175 283
0698 342.5 142.0 159 264
0698 202.0 149.5 170 269
0540 186.0 145.0 174 274
0540 355.0 149.5 184 269
0489 22.5 180.0 191 238
0100 182.5 186.5 157 233
0157 238.0 161.0 286 228
0304 395.0 131.0 232 212
0304 101.5 162.0 239 280
0060 46.5 188.0 151 228
0670 392.0 147.5 144 263
0670 139.5 124.5 177 297
0657 186.0 191.0 282 228
0193 24.0 130.5 218 297
0193 424.0 359.0 208 64
0742 284.5 182.0 239 236
0742 119.0 146.5 172 281
0217 127.0 123.0 186 322
0217 427.5 232.0 109 174
0735 403.5 143.5 187 261
0735 93.5 103.0 167 326
0550 390.0 147.0 160 264
0640 363.5 150.0 171 254
0640 139.0 128.0 190 292
0309 88.5 143.0 167 290
0390 81.0 145.0 166 274
0390 413.5 263.0 173 162
0595 106.0 148.5 198 267
0595 397.5 231.5 235 179
0615 269.5 210.5 233 207
0615 117.5 152.5 165 265
0087 486.5 227.5 121 151
0087 116.0 211.0 126 188
0276 370.5 150.0 135 252
0276 127.5 138.5 181 279
0699 342.5 138.5 159 271
0699 194.5 200.0 157 214
0048 75.0 124.5 166 301
0285 459.0 172.5 148 237
0285 250.0 117.0 160 306
0190 420.5 357.5 209 59
0272 329.0 164.0 140 238
0605 83.5 169.0 271 240
0605 483.5 182.0 127 232
0223 178.0 238.0 200 210
0223 403.5 206.0 163 190
0544 373.5 158.0 177 258
0544 123.0 128.0 196 296
0738 281.5 164.5 263 247
0738 121.0 142.0 170 280
0370 432.0 162.0 174 218
0370 216.5 95.0 143 312
0487 461.0 145.0 176 206
0196 4.0 136.0 244 294
0139 232.5 137.0 179 286
0406 372.0 151.0 150 256
0155 276.0 118.5 272 301
0115 303.0 243.5 158 159
0618 324.5 215.0 201 196
0618 127.5 145.5 157 275
0703 425.5 166.0 123 248
0703 162.5 64.5 199 357
0236 407.0 217.5 188 209
0486 458.0 136.0 180 206
0317 60.0 150.0 156 272
0624 365.5 156.0 163 254
0624 129.0 135.5 174 283
0257 396.0 223.5 158 169
0132 275.0 138.0 124 288
0132 396.5 198.0 139 222
0145 279.5 60.0 195 342
0052 38.5 143.0 173 282
0052 458.5 238.5 179 145
0566 373.5 130.5 167 269
0566 150.5 113.5 159 311
0230 332.5 139.0 201 284
0071 533.0 255.5 104 137
0071 61.0 204.5 98 197
0565 373.5 144.0 153 252
0565 138.5 125.0 163 302
0642 368.0 135.0 164 274
0642 134.5 115.5 175 309
0497 7.0 183.0 102 218
0106 398.0 216.5 118 183
0067 44.5 160.0 147 258
0220 437.5 211.5 133 177
0672 389.0 144.5 160 265
0672 135.5 123.0 169 306
0673 390.5 144.5 171 265
0673 138.5 99.5 161 335
0693 402.5 157.5 139 253
0693 185.0 188.0 250 238
0283 366.0 145.5 160 267
0283 236.5 108.5 161 311
0384 21.0 147.0 174 274
0197 5.0 135.5 232 295
0197 440.5 290.0 167 124
0328 48.5 171.0 159 258
0328 430.0 323.5 186 71
0382 23.5 166.0 191 268
0382 34.5 205.0 33 44
0382 0.5 206.5 17 39
0140 234.5 125.5 193 291
0278 370.5 147.5 159 257
0278 136.0 135.0 166 282
0684 295.5 142.5 205 265
0665 388.0 157.0 148 258
0665 176.5 128.0 163 294
0462 403.5 126.5 161 287
0462 121.5 118.5 181 303
0126 164.0 145.0 436 274
0503 492.5 227.5 109 163
0503 45.0 205.0 174 190
0208 525.5 227.5 113 153
0208 34.5 124.0 249 322
0028 98.0 130.5 226 297
0028 412.0 138.5 150 273
0331 64.5 174.0 193 252
0389 82.5 130.0 153 302
0270 274.0 174.0 166 228
0270 126.5 153.5 179 261
0210 484.5 246.0 147 140
0210 37.5 122.5 259 329
0120 103.5 134.5 175 287
0638 361.5 149.5 181 255
0638 154.5 127.5 209 289
0251 488.0 183.0 148 214
0183 437.0 315.5 194 73
0183 106.5 153.5 205 307
0241 422.0 182.0 158 242
0369 219.5 84.0 163 334
0369 404.5 134.0 149 278
0641 364.0 147.5 174 261
0314 56.0 145.0 194 286
0314 479.0 222.5 156 125
0271 292.5 172.5 155 231
0352 383.5 163.5 163 247
0352 143.5 136.0 217 290
0635 390.0 144.0 158 266
0635 178.5 159.5 173 261
0296 389.0 150.5 164 263
0296 117.5 149.0 201 280
0680 72.5 123.5 233 311
0680 369.5 137.5 173 265
0744 266.0 204.0 234 210
0744 120.0 154.0 186 270
0627 386.0 138.5 156 273
0627 172.5 121.0 171 302
0143 247.5 71.0 157 326
0681 292.5 142.5 237 255
0681 104.5 124.0 203 308
0212 396.5 279.5 165 113
0212 109.5 124.0 221 310
0724 422.0 166.0 144 244
0564 375.0 136.0 148 264
0564 138.5 119.0 169 312
0152 277.5 128.5 183 283
0323 58.5 182.0 145 238
0535 383.5 149.5 159 263
0535 140.5 152.0 239 274
0476 403.5 137.5 147 263
0476 199.5 76.0 169 350
0478 426.0 164.0 194 202
0478 210.5 141.0 223 272
0200 8.5 124.5 211 319
0107 406.5 182.5 105 221
0711 402.5 175.0 159 246
0711 169.5 206.0 195 216
0367 421.5 154.0 169 258
0546 372.5 155.5 173 255
0546 115.5 126.0 217 294
0474 422.0 150.5 144 263
0474 147.0 91.0 90 348
0626 387.0 145.0 160 266
0626 133.0 114.5 202 309
0133 386.0 193.0 140 226
0133 263.0 140.5 128 281
0622 336.5 207.5 191 203
0622 134.5 146.5 163 275
0045 397.5 92.0 253 230
0756 386.0 146.0 154 274
0756 159.0 133.0 188 290
0539 355.0 153.0 190 256
0539 197.0 146.0 178 268
0675 392.5 142.0 173 270
0675 138.0 100.5 170 333
0739 127.5 145.5 171 281
0739 264.5 170.0 231 242
0059 47.0 154.5 156 269
0717 358.5 178.0 143 240
0717 155.5 150.5 141 259
0121 117.0 133.0 172 292
0358 382.0 146.5 146 275
0358 93.5 139.5 185 287
0563 375.0 146.0 148 260
0563 141.0 118.5 164 307
0691 427.5 168.5 137 235
0691 200.5 149.5 243 277
0715 376.0 172.5 144 251
0715 183.0 168.5 146 227
0038 227.0 141.5 178 273
0469 410.5 131.5 147 277
0469 91.5 119.0 185 312
0204 -0.5 124.5 227 325
0118 328.0 311.0 160 98
0118 93.5 138.0 183 284
0041 145.0 142.5 248 281
0041 430.0 116.0 194 266
0249 479.0 173.5 152 233
0249 35.0 267.5 106 141
0068 47.0 189.0 138 220
0629 441.5 164.5 143 249
0629 156.5 166.0 221 266
0088 450.0 231.0 148 142
0088 119.5 209.5 123 189
0286 475.5 172.5 147 235
0286 257.0 173.5 98 229
0198 5.0 139.0 230 292
0214 83.0 131.5 482 301
0651 312.0 201.5 202 211
0734 421.5 128.0 149 278
0734 92.0 111.5 174 313
0388 84.0 162.0 136 274
0391 81.5 137.5 177 291
0391 424.0 244.5 160 167
0639 365.5 153.5 171 257
0639 147.5 113.0 213 318
0543 380.5 168.0 179 246
0543 137.5 124.0 193 298
0716 362.5 176.0 145 246
0716 161.0 158.5 150 251
0721 420.5 171.0 149 238
0721 150.0 138.0 260 288
0722 429.0 171.5 146 239
0722 155.0 145.0 230 284
0664 369.5 152.5 155 261
0664 174.0 113.5 194 311
0040 222.0 133.0 300 284
0326 45.5 181.0 157 244
0302 395.0 153.0 164 244
0234 404.5 225.5 189 199
0534 385.0 151.0 166 258
0534 152.5 134.5 211 285
0128 234.0 156.5 192 263
0128 462.0 179.0 172 244
0301 204.5 150.0 315 264
0229 213.5 85.5 193 313
0086 518.5 221.5 79 159
0701 424.0 166.0 142 248
0701 187.0 192.5 146 229
0518 130.5 154.5 309 263
0029 405.5 135.0 151 272
0029 113.5 125.5 235 311
0346 63.5 151.5 205 275
0346 476.5 202.0 151 204
0078 524.0 225.5 98 159
0078 67.0 201.5 102 197
0097 137.0 155.0 144 256
0097 314.5 188.0 175 202
0207 37.5 109.0 179 348
0207 495.0 297.0 138 108
0311 71.5 146.0 177 286
0340 166.5 146.5 179 275
0153 284.0 131.5 238 299
0720 387.0 162.0 160 256
0720 135.5 139.0 267 278
0671 388.5 146.0 155 262
0671 134.5 116.0 171 316
0363 427.5 140.0 147 268
0363 115.5 116.5 173 315
0237 420.5 197.0 175 228
0237 79.0 239.0 174 92
0678 396.0 128.0 142 274
0678 115.0 121.5 188 303
0614 121.0 162.5 162 251
0614 298.5 224.0 203 186
0731 407.0 149.5 184 253
0731 106.5 139.5 159 281
0602 77.5 135.0 227 280
0602 511.5 242.0 127 172
0562 373.5 149.5 149 267
0562 144.5 122.5 159 297
0502 41.0 205.0 162 190
0502 495.5 246.5 103 141
0219 428.5 211.5 119 187
0219 142.5 132.0 157 312
0393 446.5 219.5 115 181
0393 74.0 149.5 178 303
0632 424.0 154.5 142 255
0632 149.0 188.5 240 237
0646 388.5 140.5 139 259
0646 129.0 108.5 170 319
0291 421.0 165.5 160 239
0291 165.0 224.5 226 185
0759 357.0 165.5 158 243
0759 179.0 127.0 168 286
0696 232.0 152.0 280 266
0628 375.0 169.5 160 239
0666 388.5 159.5 143 253
0666 164.5 123.0 179 298
0616 301.5 225.0 209 186
0616 115.5 176.0 177 246
0252 492.0 177.5 138 223
0682 283.5 147.5 235 263
0682 130.5 114.5 175 313
0187 70.5 136.0 187 292
0187 414.5 358.5 215 55
0491 16.0 159.5 180 251
0101 222.0 209.0 184 210
0294 398.0 149.0 164 262
0294 137.5 201.0 189 216
0611 383.0 163.5 172 245
0611 178.5 121.5 181 293
0247 455.5 182.0 149 232
0308 106.5 126.0 159 318
0092 401.0 234.5 116 151
0092 127.0 248.0 72 140
0730 408.5 150.0 185 254
0730 115.0 142.5 152 281
0366 431.0 149.0 168 262
0366 148.5 98.0 145 332
0468 406.5 133.5 155 277
0468 113.5 128.0 189 300
0746 304.0 181.0 166 236
0746 147.0 139.5 172 289
0498 5.0 194.5 140 209
0149 267.5 74.5 177 343
0037 344.5 130.0 133 274
0509 455.5 186.5 109 209
0509 130.5 206.5 153 199
0112 143.0 133.5 174 293
0112 350.5 56.5 163 231
0597 96.0 147.0 214 270
0597 423.5 228.5 211 175
0514 142.0 154.0 252 260
0528 391.0 159.5 128 245
0528 130.5 132.0 161 280
0239 413.5 192.0 175 230
0239 36.5 308.5 249 93
0525 391.0 173.0 98 226
0525 123.0 138.5 166 273
0180 433.5 314.0 197 74
0694 388.0 163.0 142 244
0667 387.5 152.0 143 258
0667 159.0 130.5 158 291
0643 367.5 132.5 163 273
0643 132.0 118.5 170 303
0570 368.5 146.0 177 266
0570 121.0 148.0 184 272
0064 45.0 188.5 144 227
0064 453.0 252.5 158 133
0375 438.0 109.0 182 200
0375 136.5 214.5 235 193
0633 418.5 144.5 133 271
0633 175.0 193.0 194 234
0322 63.0 180.5 144 237
0603 62.0 150.0 290 252
0603 486.0 201.5 142 217
0686 373.5 164.0 159 246
0357 87.0 142.0 180 288
0357 342.0 144.5 172 277
0117 326.0 319.0 154 90
0705 415.0 152.0 130 264
0705 169.5 49.0 179 382
0395 445.5 174.0 157 234
0395 77.0 156.5 172 289
0098 148.0 160.0 138 250
0098 328.0 190.5 170 195
0376 112.5 196.0 233 224
0376 436.0 110.0 190 192
0049 60.0 133.0 198 298
0054 51.0 145.0 152 276
0345 69.5 154.0 197 268
0345 495.0 223.5 122 173
0495 12.0 169.5 90 243
0745 260.5 195.5 229 219
0235 406.5 222.0 189 204
0757 392.5 143.0 141 268
0757 154.5 116.0 197 308
0209 508.5 218.0 125 178
0209 25.5 132.0 263 312
0545 377.5 163.5 171 249
0545 119.0 124.5 208 301
0248 466.5 183.5 159 227
0533 380.0 146.5 174 261
0533 147.0 136.5 218 287
0692 424.5 171.5 143 235
0692 194.0 148.5 262 275
0499 31.5 200.0 107 202
0114 301.5 151.5 155 261
0077 527.5 227.0 87 158
0077 67.0 211.0 102 190
0082 514.5 222.5 89 155
0082 57.0 245.5 110 153
0399 97.0 136.5 232 289
0399 438.0 145.0 168 268
0244 446.0 189.0 146 228
0677 394.5 129.5 149 275
0677 122.0 132.5 182 293
0620 339.0 217.0 190 192
0620 133.5 147.5 155 271
0553 381.0 151.0 170 264
0553 161.5 177.5 95 227
0674 391.0 142.5 170 269
0674 134.0 114.5 170 309
0111 140.5 137.0 169 292
0299 125.0 140.0 164 286
0299 379.5 135.5 161 271
0267 282.5 190.0 157 200
0274 352.0 150.0 126 256
0274 124.5 241.0 165 172
0195 15.5 124.0 219 312
0307 98.0 129.5 160 311
0527 396.0 164.5 104 243
0527 122.0 143.5 168 271
0292 414.0 152.5 146 253
0292 147.0 196.5 218 217
0051 45.5 144.0 217 280
0051 458.0 198.5 182 155
0336 183.5 170.0 153 238
0336 415.0 293.5 182 93
0290 427.5 158.5 151 247
0290 187.5 220.0 233 182
0500 28.0 195.5 150 205
0500 496.0 268.5 76 115
0704 423.5 153.5 123 265
0704 175.0 66.0 162 358
0530 391.5 155.5 131 247
0530 139.0 128.0 162 292
0258 389.5 230.5 151 163
0496 12.5 193.5 87 211
0254 431.0 191.5 166 195
0269 149.0 157.0 222 252
0365 430.5 153.0 165 256
0365 129.5 101.0 157 334
0542 397.0 185.5 170 227
0542 154.5 138.0 211 282
0490 6.5 158.0 201 250
0053 39.0 144.5 158 279
0053 459.5 273.5 179 99
0262 350.0 191.5 198 193
0262 64.5 192.5 109 223
0084 516.5 213.0 79 158
0084 61.5 244.0 133 152
0748 254.5 175.0 217 250
0748 120.0 142.5 170 287
0401 413.0 136.0 166 262
0401 100.0 139.5 302 275
0360 423.0 146.5 102 271
0360 100.0 126.0 178 304
0043 400.0 88.0 240 242
0043 176.0 173.0 178 258
0750 309.5 175.5 203 247
0750 118.5 141.0 179 290
0355 308.5 142.5 205 281
0355 81.0 144.0 198 282
0341 139.0 153.0 194 272
0341 479.0 190.5 148 225
0706 399.5 147.0 143 266
0706 169.0 53.5 218 377
0316 48.0 154.0 168 270
0205 10.0 101.0 224 362
0507 468.5 196.0 121 202
0507 115.5 207.5 179 185
0712 422.0 189.0 152 226
0712 164.0 206.5 204 213
0327 49.0 181.5 156 243
0378 67.0 187.5 212 235
0378 438.0 139.0 194 212
0488 464.0 179.0 174 208
0397 454.0 147.5 164 271
0397 66.0 143.0 204 286
0310 79.0 147.0 170 282
0483 444.0 107.5 178 199
0483 99.5 192.5 257 229
0324 52.0 178.0 146 246
0099 327.0 219.5 156 161
0099 166.5 182.5 143 235
0332 86.0 167.5 232 239
0353 372.5 144.5 121 281
0353 176.5 144.5 179 273
0669 390.0 147.0 138 264
0669 148.5 128.5 171 293
0591 165.5 179.0 175 226
0702 425.5 171.0 143 236
0702 182.0 125.0 154 300
0532 393.0 153.0 156 256
0532 163.0 139.5 180 279
0747 299.0 179.0 168 244
0032 174.0 136.0 286 278
0135 354.0 170.0 152 260
0105 380.0 210.5 110 187
0105 127.0 187.5 152 243
0555 171.5 135.5 201 305
0555 378.5 135.0 161 276
0512 344.0 186.0 204 196
0512 136.0 193.5 154 213
0547 381.0 155.5 164 255
0547 114.0 125.0 204 290
0093 117.5 249.5 77 141
0093 388.0 230.5 100 159
0529 389.5 156.5 131 249
0529 128.5 132.0 165 284
0264 328.0 179.5 182 219
0264 86.5 166.0 135 246
0224 396.0 203.5 170 201
0473 425.5 146.5 143 265
0091 419.5 225.0 133 162
0091 121.0 231.0 80 154
0736 391.0 144.5 192 263
0736 100.0 114.5 164 311
0636 380.5 147.5 159 255
0636 173.0 133.0 166 284
0090 426.0 230.5 156 151
0090 112.5 226.5 85 163
0075 64.0 208.0 96 190
0075 525.0 228.5 72 157
0189 27.5 154.5 271 269
0585 46.0 174.0 174 246
0585 468.5 273.0 165 98
0523 378.5 171.0 111 240
0523 115.5 146.5 175 265
0137 322.5 151.0 167 256
0137 202.0 288.5 128 141
0661 319.5 199.5 167 203
0695 390.5 149.5 135 261
0381 22.0 157.5 208 267
0392 82.0 131.5 174 299
0679 396.0 135.0 152 278
0679 70.0 122.5 234 309
0589 70.0 164.5 278 239
0405 387.5 158.0 141 250
0405 223.5 197.5 105 211
0159 465.5 146.5 93 209
0708 345.5 141.5 175 269
0481 111.0 147.5 508 249
0146 269.5 152.5 111 237
0737 361.5 148.5 227 255
0737 105.0 119.5 162 309
0714 392.5 178.5 153 241
0033 176.5 133.0 293 286
0334 102.5 188.5 239 229
0334 404.5 312.5 187 87
0320 64.5 172.5 149 251
0623 364.5 169.0 165 246
0623 127.0 142.0 166 278
0362 426.0 140.0 112 272
0362 106.0 117.5 168 319
0621 344.5 218.5 181 191
0621 134.0 145.0 160 276
0751 342.0 165.5 178 253
0751 121.0 139.5 186 295
0559 380.0 138.5 144 265
0559 136.0 140.0 154 288
0030 401.5 132.0 141 270
0030 141.5 127.5 229 293
0576 89.0 187.5 174 237
0287 453.0 170.5 148 237
0287 193.5 153.5 163 259
0707 387.5 147.0 147 260
0707 200.5 126.5 169 293
0465 400.5 156.0 191 254
0465 119.0 130.0 174 296
0268 204.5 171.0 207 234
0265 125.0 155.5 128 261
0265 331.0 200.5 106 199
0728 407.0 147.0 154 264
0728 124.0 140.5 168 281
0644 377.0 125.5 148 277
0644 129.5 118.0 171 308
0601 57.5 141.0 231 282
0601 527.0 265.5 116 153
0554 161.5 140.5 229 291
0554 378.0 161.0 172 256
0371 426.0 146.5 182 213
0403 406.5 144.5 139 255
0403 151.0 162.0 170 284
0594 123.5 150.0 187 274
0754 378.5 156.0 153 264
0754 140.0 137.0 178 288
0568 374.0 142.0 174 264
0186 115.5 81.5 197 375
0506 476.0 207.0 120 186
0506 95.0 206.5 194 191
0579 52.0 142.5 170 273
0579 468.5 95.5 167 223
0536 376.5 149.5 165 261
0536 143.5 149.5 261 273
0144 260.0 81.0 180 302
0368 411.0 148.0 172 260
0368 204.0 79.0 136 334
0364 428.0 144.0 152 260
0364 115.0 132.5 176 293
0335 126.5 171.0 217 256
0335 408.0 302.5 148 91
0359 409.5 132.5 115 301
0359 96.5 132.5 173 291
0592 180.0 159.0 162 256
0658 165.5 212.5 315 203
0070 60.0 199.0 108 206
0070 550.0 285.5 88 107
0305 409.5 127.0 217 204
0305 126.0 163.5 188 277
0329 43.5 178.0 167 250
0329 445.0 318.5 110 71
0612 370.5 198.5 161 203
0612 164.0 128.0 220 282
0549 390.5 149.5 155 261
0074 64.5 208.5 93 193
0074 538.0 229.5 70 157
0226 378.0 153.0 174 270
0275 360.5 148.5 127 259
0275 126.0 207.5 172 211
0475 412.5 144.0 141 262
0475 184.0 67.5 156 353
0617 309.0 215.0 212 198
0617 122.0 173.0 168 250
0222 438.0 213.0 126 184
0222 187.0 209.5 152 217
0350 464.0 166.0 134 232
0350 93.0 162.0 278 254
0047 89.0 131.5 160 287
0047 464.0 79.0 178 246
0668 387.0 145.5 144 265
0668 157.0 119.0 192 306
0607 450.0 161.5 132 243
0607 155.0 162.5 216 249
0743 286.0 191.5 236 221
0743 118.0 154.0 184 272
0480 437.0 156.5 170 159
0467 408.0 135.5 156 273
0467 115.0 126.5 186 309
0039 332.5 124.5 151 287
0122 117.5 142.0 221 274
0122 403.5 158.0 211 254
0484 94.0 216.0 236 200
0313 56.5 141.5 167 295
0583 60.0 154.5 138 265
0583 475.0 208.0 162 148
0279 376.0 149.5 158 257
0279 142.5 128.5 165 291
0732 416.0 140.5 170 269
0732 98.5 129.5 167 287
0081 515.0 229.5 94 151
0081 73.0 257.0 82 138
0556 161.0 134.0 216 310
0556 385.0 131.5 152 273
0590 85.0 143.0 260 266
0687 373.0 165.5 160 241
0676 397.0 135.5 158 275
0676 133.5 133.0 175 298
0297 384.5 150.0 161 264
0297 108.0 191.0 200 226
0719 342.5 150.5 159 265
0719 165.5 136.5 175 285
0338 378.0 228.5 250 181
0338 245.5 172.0 109 232
0407 368.5 150.5 155 251
0407 211.5 214.5 145 215
0584 472.0 228.5 164 153
0584 52.5 177.0 155 242
0613 261.0 215.0 228 196
0250 482.0 175.5 150 225
0394 443.0 208.5 122 197
0394 85.5 142.5 163 287
0380 50.0 173.0 208 256
0380 448.0 197.0 176 212
0065 40.5 187.5 151 227
0065 461.0 243.0 172 144
0184 434.0 314.5 192 75
0066 42.5 185.5 145 229
0580 51.0 143.5 164 277
0659 181.0 205.0 272 210
0729 413.0 149.0 164 260
0729 115.5 152.5 171 265
0598 87.0 137.5 192 285
0598 511.5 269.0 121 148
0151 284.5 120.0 151 294
0104 360.5 205.5 125 191
0104 126.5 166.0 153 270
0125 154.0 154.5 462 251
0599 80.5 143.5 191 281
0599 525.5 228.0 107 186
0057 45.5 169.5 161 257
0191 22.0 155.5 234 267
0191 419.0 359.5 210 57
0337 248.0 185.0 110 210
0337 382.5 230.5 245 179
0511 415.0 177.5 142 207
0511 145.0 168.5 170 241
0109 380.5 142.0 101 246
0109 133.0 146.0 158 278
0689 355.0 138.0 154 278
0689 204.0 149.5 168 269
0690 413.5 149.5 139 265
0510 444.5 191.5 119 201
0510 144.0 232.5 126 173
0752 349.5 164.0 175 256
0752 129.0 136.0 186 300
0215 420.5 256.0 119 146
0215 120.5 123.0 191 314
0295 399.0 146.0 156 268
0213 115.0 131.5 192 301
0213 348.0 274.5 206 125
0238 416.0 201.5 170 217
0238 56.0 283.5 164 75
0574 84.0 137.5 292 289
0574 435.5 120.0 197 224
0035 367.5 145.5 137 273
0035 195.0 124.5 178 299
0398 446.0 148.5 168 271
0398 87.5 146.5 229 277
0356 311.0 137.0 206 286
0356 80.5 139.5 195 287
0697 360.5 146.0 147 262
0130 446.0 187.0 142 234
0130 268.5 196.5 185 211
0243 441.0 186.0 142 234
0573 157.0 119.5 212 315
0573 446.0 135.5 198 217
0650 324.0 207.0 202 208
0650 177.0 115.5 170 307
0058 50.5 156.5 153 263
0733 422.5 129.0 151 282
0733 99.5 116.0 167 304
0645 379.5 130.0 143 272
0645 127.0 113.0 174 314
0718 354.0 168.5 146 245
0578 494.0 96.5 144 231
0227 161.5 89.5 225 347
0227 366.0 158.0 186 256
0383 28.0 160.0 170 262
0228 182.0 52.0 250 366
0108 400.0 147.5 122 259
0108 131.0 156.0 150 266
0463 400.5 143.0 167 268
0463 124.5 112.0 169 314
0655 233.0 115.0 256 302
0154 290.0 187.0 258 232
0344 82.0 146.0 196 284
0344 495.5 265.5 127 139
0479 429.5 161.5 179 203
0479 195.0 134.0 158 288
0538 181.0 185.5 198 241
0538 363.5 155.0 175 260
0558 380.5 133.0 143 272
0558 137.0 170.5 182 261
0231 341.0 172.5 258 275
0386 71.0 158.5 130 259
0288 451.5 173.0 131 232
0288 196.5 171.5 253 225
0131 436.5 194.5 147 219
0131 303.0 155.5 150 265
0466 403.5 151.5 185 263
0466 112.5 124.5 189 307
0396 68.5 145.0 193 284
0396 448.0 151.0 170 262
0587 57.0 176.5 210 227
0095 351.5 221.5 161 159
0095 105.5 200.0 113 208
0609 430.5 157.0 165 256
0609 160.5 136.0 185 282
0374 143.5 201.0 265 212
0374 437.5 135.5 179 157
0625 376.5 146.5 193 267
0625 127.0 122.5 182 303
0211 83.0 147.5 270 279
0211 454.5 276.5 113 117
0741 269.5 174.0 225 250
0501 488.5 260.5 97 131
0501 29.0 208.5 156 187
0096 334.5 225.5 175 153
0096 128.5 194.5 101 211
0593 143.0 148.5 174 275
0233 396.0 235.5 206 199
0347 68.5 146.5 219 279
0347 504.0 180.0 100 224
0072 62.0 210.0 98 190
0072 533.5 248.0 93 144
0240 411.5 183.0 173 238
0123 134.5 156.0 247 256
0123 408.0 143.0 228 272
0649 335.5 217.5 191 195
0649 178.0 121.0 178 292
0567 369.5 144.0 175 254
0567 156.5 115.0 155 300
0253 489.0 183.0 138 216
0377 95.0 207.5 222 211
0031 163.0 129.0 290 294
0482 132.5 187.5 275 231
0482 415.0 127.0 208 178
0119 103.0 139.5 170 291
0119 334.0 315.0 154 90
0255 400.0 208.0 202 184
0485 460.5 110.5 175 195
0485 75.0 224.5 218 191
0188 46.5 137.5 227 291
0753 374.0 161.0 150 262
0753 135.0 137.0 180 296
0608 443.0 158.5 142 245
0608 161.0 152.0 184 266
0683 298.0 148.0 206 260
0683 121.0 129.0 196 292
0551 388.0 146.0 160 266
0179 434.5 316.0 185 72
0494 5.5 184.0 125 230
0079 524.0 228.0 100 156
0079 58.5 239.0 107 160
0526 398.5 164.5 99 241
0526 121.0 141.0 170 274
0470 409.5 129.0 147 280
0470 77.0 120.0 210 314
0319 62.5 157.0 151 266
0610 422.0 154.5 168 257
0610 191.5 126.0 149 292
0083 518.0 214.0 82 158
0083 80.0 247.5 100 153
0260 391.0 222.5 160 161
0260 34.0 209.5 160 199
0647 359.0 192.5 158 215
0647 131.0 97.0 180 340
0089 431.0 231.0 158 144
0089 119.0 206.5 118 193
0343 492.0 268.0 130 140
0343 109.0 139.0 190 292
0246 449.0 183.0 148 232
0036 352.0 145.0 148 270
0588 55.0 178.0 248 224
0569 373.0 152.5 172 255
0026 405.5 152.5 183 259
0026 127.5 117.0 173 308
0303 402.5 136.5 219 227
0303 148.5 138.0 233 300
0289 441.5 178.0 139 226
0289 169.5 160.0 289 246
0325 50.0 182.5 146 239
0273 347.0 156.5 128 249
0273 116.0 142.5 200 277
0637 375.0 148.0 164 256
0637 166.5 118.5 201 301
0333 95.5 196.5 253 219
0062 48.0 186.5 146 229
0280 375.5 155.5 165 255
0280 165.5 133.0 169 274
0199 2.5 126.5 239 317
0116 326.0 299.5 152 113
0282 372.0 149.5 156 263
0282 237.5 73.5 133 341
0330 42.5 172.0 193 262
0330 436.5 315.5 183 79
0517 194.0 186.0 242 226
0408 284.0 150.0 262 256
0740 149.5 142.0 163 284
0740 285.0 183.5 180 237
0582 59.0 150.5 158 273
0685 315.0 166.5 166 247
0710 195.5 155.0 255 262
0232 404.5 221.5 199 211
