0010 375.0 143.5 212 267
0010 113.5 131.0 197 300
0048 352.5 220.5 203 185
0056 150.5 186.0 213 236
0056 326.5 151.5 195 275
0068 402.5 145.5 213 289
0068 109.5 123.0 183 294
0025 123.0 140.0 176 276
0025 356.5 139.0 199 282
0014 157.0 122.0 246 314
0012 350.0 151.0 214 254
0012 138.5 138.0 233 286
0061 102.0 127.0 338 308
0037 378.5 204.0 147 196
0037 116.5 168.5 175 265
0041 409.0 227.0 126 182
0041 110.5 145.0 193 284
0001 365.5 158.0 175 260
0001 114.0 132.0 188 290
0055 147.5 187.5 229 235
0055 341.0 217.5 230 197
0002 355.5 158.0 211 264
0002 119.0 127.5 180 301
0060 107.5 139.0 313 282
0030 150.5 130.5 149 295
0065 376.0 146.5 216 267
0023 114.5 146.5 229 281
0023 374.0 139.0 192 274
0039 114.0 166.5 176 267
0066 398.0 147.5 212 285
0066 86.0 129.0 198 292
0049 237.5 110.0 263 312
0031 332.5 175.0 151 228
0031 154.5 134.0 165 284
0064 372.0 149.5 196 263
0046 352.5 238.0 219 172
0046 207.0 77.5 152 327
0033 234.0 200.5 278 203
0051 213.5 193.0 309 232
0038 123.5 168.5 165 263
0038 396.5 217.0 115 182
0036 108.5 175.5 187 259
0036 346.0 204.5 176 199
0004 375.0 134.5 222 277
0004 117.0 146.5 194 283
0024 120.5 148.0 185 270
0024 370.0 147.5 190 269
0052 289.0 228.5 248 191
0021 129.5 139.0 291 284
0021 398.5 108.0 209 316
0034 285.0 208.5 256 191
0034 105.5 171.0 165 272
0063 365.5 148.0 131 270
0020 184.0 129.5 278 303
0045 380.5 248.5 179 157
0045 202.5 86.5 149 323
0019 236.0 143.5 264 281
0035 316.0 206.0 210 192
0035 108.5 175.0 161 270
0006 368.0 139.5 230 267
0006 121.5 147.0 191 286
0043 383.5 212.0 171 196
0043 116.0 131.5 188 305
0042 380.0 216.5 158 189
0042 109.5 135.0 195 302
0067 395.5 138.5 223 303
0067 110.0 120.0 184 300
0005 371.0 133.5 228 275
0005 123.0 145.0 182 290
0008 358.5 148.0 237 256
0008 125.5 135.0 193 296
0009 364.5 145.5 223 263
0009 126.5 125.5 173 297
0026 340.0 146.0 186 278
0026 128.0 132.5 172 279
0050 242.0 133.5 264 283
0013 152.5 119.0 395 308
0017 216.0 132.5 282 295
0007 363.0 145.5 234 259
0007 126.5 137.5 195 293
0040 415.5 228.0 111 162
0040 118.0 152.5 178 273
0057 325.5 127.0 161 298
0011 351.0 155.0 236 250
0011 112.5 141.5 233 285
0047 215.0 95.5 204 315
0003 356.0 153.5 240 259
0003 116.5 135.0 193 296
0027 333.0 148.5 204 273
0027 132.5 131.5 169 283
0018 232.5 136.0 263 286
0018 0.0 135.5 38 113
0054 124.0 192.0 268 224
0054 354.0 216.5 218 193
0022 132.0 145.0 268 288
0016 245.5 125.5 265 293
0053 123.0 189.5 294 225
0029 369.0 223.0 108 202
0029 140.0 131.0 170 288
0059 148.5 140.0 253 278
0015 182.5 129.0 273 284
0044 377.0 225.5 160 187
0044 167.0 116.0 124 318
0028 322.0 154.0 164 258
0028 140.0 133.0 152 288
0117 161.0 122.5 232 295
0117 405.0 149.0 204 246
0126 42.0 134.5 152 273
0124 68.0 135.0 134 282
0081 246.0 146.5 238 281
0080 208.5 148.0 293 270
0147 470.0 165.5 166 235
0139 54.5 197.5 167 201
0139 492.0 265.5 82 145
0114 242.0 142.0 96 104
0114 309.5 204.0 139 210
0141 437.0 227.5 126 185
0141 60.5 180.5 157 219
0107 407.5 210.5 147 215
0107 75.0 152.0 176 256
0105 87.0 150.0 156 260
0116 231.0 136.0 250 290
0104 90.0 144.5 160 265
0090 62.5 128.5 205 287
0099 82.0 160.0 246 258
0156 386.0 145.0 156 280
0151 401.0 168.0 220 236
0151 86.0 136.0 198 280
0074 102.5 138.0 223 278
0074 364.5 144.0 239 290
0133 47.5 190.0 211 220
0101 69.5 154.5 201 263
0138 69.0 182.5 136 219
0102 55.0 151.0 220 262
0142 441.0 221.0 122 196
0142 63.5 187.5 155 209
0129 39.0 159.0 150 252
0094 56.0 147.0 170 278
0148 472.0 171.5 148 225
0110 371.0 207.5 172 225
0110 89.0 155.5 244 245
0131 36.0 165.0 170 244
0155 228.5 184.5 289 237
0112 97.5 151.0 251 238
0076 132.5 122.5 205 297
0076 353.5 148.5 235 269
0113 322.0 205.0 158 214
0115 232.5 158.5 181 255
0146 459.0 202.5 152 201
0146 42.5 201.5 159 211
0070 397.0 146.5 212 285
0070 112.0 125.5 182 291
0073 401.0 167.5 204 263
0073 100.5 138.0 207 280
0098 66.0 188.0 280 222
0095 61.0 145.0 158 278
0145 472.5 217.0 99 188
0145 30.5 202.5 175 199
0103 72.5 148.5 175 263
0086 412.5 92.0 205 224
0086 107.5 142.5 199 277
0100 72.0 153.0 208 264
0108 402.5 217.0 145 202
0108 69.5 151.0 195 258
0136 68.0 168.0 144 236
0203 329.0 142.0 264 286
0203 120.0 128.5 162 285
0149 438.0 169.5 166 231
0075 108.5 131.0 241 284
0075 364.5 143.0 233 284
0143 449.5 241.0 111 172
0143 49.0 205.0 180 188
0154 354.5 170.0 143 260
0154 149.5 124.0 145 276
0144 35.5 190.5 185 215
0144 455.0 241.0 112 166
0072 369.0 144.5 228 289
0072 105.0 131.0 198 288
0132 33.0 198.5 188 205
0135 55.5 177.5 153 225
0084 429.5 140.5 173 211
0084 139.0 142.5 244 285
0150 426.5 170.0 187 230
0150 71.0 159.5 218 245
0153 84.0 82.0 248 326
0153 372.5 163.0 223 246
0204 392.5 133.0 231 294
0204 113.5 130.0 147 292
0096 55.5 151.5 205 259
0140 59.0 182.5 150 215
0140 490.0 258.0 72 136
0121 112.0 145.5 196 269
0097 42.5 164.0 249 246
0085 415.0 127.0 198 204
0085 97.0 140.5 252 285
0089 73.0 138.5 198 279
0152 90.0 90.5 234 325
0152 371.5 169.0 223 236
0091 65.0 130.5 184 287
0087 71.0 140.0 212 284
0109 87.0 147.0 206 266
0109 386.0 201.5 158 223
0071 112.0 123.0 180 290
0071 398.0 143.0 208 290
0082 138.0 103.0 478 330
0106 85.0 149.0 158 262
0083 447.5 152.5 147 231
0079 197.5 155.5 327 267
0077 293.0 133.5 272 277
0134 43.0 196.0 182 206
0137 66.0 177.0 148 226
0088 68.5 141.0 197 274
0069 398.0 146.0 220 284
0069 118.5 119.5 171 303
0111 97.5 147.0 247 258
0111 390.0 202.5 138 227
0205 334.0 114.5 306 333
0205 105.5 136.0 171 286
0269 333.0 123.5 190 295
0296 391.0 246.5 156 161
0296 227.0 91.0 158 300
0250 331.5 159.5 207 247
0250 127.0 115.5 204 317
0287 120.5 170.0 175 272
0287 366.0 259.5 180 137
0273 144.0 207.0 258 226
0251 320.0 160.0 222 246
0251 114.5 127.5 197 301
0233 390.0 215.5 136 201
0233 99.0 152.0 156 262
0254 350.0 245.5 120 165
0254 162.5 137.5 149 281
0235 378.5 219.0 153 214
0235 72.0 150.5 198 263
0242 305.0 174.5 186 247
0242 93.0 177.0 158 248
0298 306.0 197.0 246 210
0224 56.5 153.0 195 274
0239 340.5 154.0 235 254
0239 149.5 143.0 157 284
0226 30.0 150.0 216 274
0234 379.5 203.5 153 217
0234 96.0 146.5 156 269
0207 405.5 115.5 229 333
0207 98.5 136.0 167 284
0255 325.5 222.0 199 188
0236 60.5 152.0 249 264
0236 400.0 198.0 148 230
0264 327.5 145.5 201 261
0264 166.5 125.5 181 305
0262 323.0 170.5 212 235
0262 189.0 130.0 152 298
0285 148.5 128.0 179 296
0285 352.5 267.5 121 147
0245 131.5 153.5 163 269
0245 337.0 184.5 198 233
0211 111.5 138.0 295 276
0219 91.5 146.5 193 273
0290 116.0 172.0 178 260
0290 452.5 228.5 107 191
0274 181.0 141.5 288 289
0208 409.5 129.0 227 310
0208 81.0 133.0 196 290
0213 341.0 142.0 224 270
0213 197.0 108.0 154 314
0272 127.5 110.0 393 336
0230 99.0 166.5 212 245
0280 363.0 142.5 186 271
0280 130.5 126.0 193 300
0209 404.5 120.5 213 317
0209 70.0 141.0 238 280
0292 112.5 147.0 195 284
0292 412.5 207.5 143 215
0252 124.5 116.0 191 310
0252 312.5 158.5 225 251
0283 131.5 129.5 169 295
0283 321.5 229.5 165 179
0231 81.0 155.5 196 259
0221 82.5 131.5 167 289
0228 53.0 180.5 216 237
0243 325.0 189.5 176 225
0243 106.5 157.0 161 266
0227 36.5 180.0 233 240
0266 353.5 137.0 159 272
0266 194.0 123.5 164 305
0248 161.0 122.0 150 300
0248 351.0 152.0 198 258
0265 326.0 139.0 200 272
0265 163.0 114.0 180 312
0216 274.0 142.0 190 294
0267 208.0 106.0 228 336
0253 172.0 103.0 162 328
0253 297.0 208.5 242 203
0240 183.5 174.0 135 248
0240 379.0 147.0 116 274
0306 365.5 162.5 169 241
0306 96.5 144.5 227 283
0229 81.5 173.0 267 232
0212 142.5 120.5 245 297
0212 357.0 145.5 236 275
0258 161.5 151.5 315 273
0217 126.5 130.0 279 304
0217 437.5 123.5 153 255
0261 187.5 128.0 157 296
0261 307.0 191.0 234 216
0223 68.5 145.0 171 280
0294 375.0 194.0 178 234
0294 140.5 124.5 157 299
0289 454.0 241.0 112 166
0289 117.0 171.5 178 263
0268 182.5 111.5 241 323
0232 66.0 157.5 200 251
0220 80.5 134.0 191 292
0302 354.5 210.0 205 190
0302 144.5 189.0 217 236
0286 116.0 168.5 178 271
0286 275.5 228.0 253 182
0215 193.5 144.5 317 281
0301 138.0 197.0 262 208
0301 359.0 215.0 200 188
0281 359.0 146.5 182 275
0281 131.0 129.0 174 296
0244 127.0 154.5 160 265
0244 329.5 197.0 189 220
0299 361.0 227.0 214 198
0222 65.5 144.5 181 283
0277 367.0 125.5 202 303
0277 167.5 115.5 229 319
0210 391.5 133.0 215 302
0210 93.0 137.0 232 278
0295 352.0 221.5 196 197
0295 203.5 102.5 95 325
0305 348.0 178.5 210 225
0305 117.0 127.5 204 303
0249 349.5 156.0 203 252
0249 163.5 123.5 153 297
0284 138.5 131.5 171 291
0284 327.0 264.5 184 145
0206 381.0 109.0 252 338
0206 95.5 139.5 181 279
0282 346.5 183.0 153 236
0282 129.5 125.5 167 299
0300 294.0 220.0 260 200
0276 357.5 160.0 125 260
0276 183.5 207.0 165 216
0288 119.0 171.5 178 265
0288 422.5 249.5 153 143
0238 104.5 139.0 227 272
0238 377.0 144.0 218 264
0271 181.5 144.5 247 287
0271 398.0 126.0 164 290
0257 158.5 147.5 247 281
0293 406.0 186.5 152 241
0293 110.0 142.5 192 285
0279 370.5 128.5 181 289
0246 146.0 140.5 154 281
0246 353.0 165.0 196 252
0270 337.0 111.0 186 314
0270 203.5 191.0 147 234
0225 59.5 149.0 159 276
0225 452.5 224.5 185 185
0218 96.5 147.0 261 280
0218 427.5 112.0 195 226
0291 430.5 223.0 117 198
0291 106.5 169.5 195 259
0256 335.0 225.0 172 204
0214 177.5 137.5 357 293
0260 179.5 132.5 183 287
0241 339.5 150.0 125 270
0241 205.0 188.0 128 226
0304 326.0 200.5 214 203
0247 152.5 127.5 163 295
0247 328.0 148.0 214 272
0263 179.5 122.0 171 316
0263 340.5 161.0 185 244
0275 250.0 136.0 232 292
0303 324.5 204.0 203 196
0303 138.5 175.0 201 258
0237 72.0 139.0 236 280
0237 361.0 187.5 216 237
0308 284.5 189.5 263 223
0404 24.0 175.5 184 229
0372 364.0 130.0 206 288
0372 147.0 214.0 114 186
0341 112.0 133.0 236 286
0341 346.0 138.0 218 264
0436 243.0 145.5 262 271
0431 183.5 150.0 257 278
0431 406.5 155.0 149 260
0410 57.5 196.0 263 210
0348 107.0 146.0 256 274
0348 394.5 145.5 213 275
0441 160.5 117.0 225 318
0441 384.0 152.5 170 259
0360 125.5 133.0 165 294
0360 367.5 155.5 187 263
0414 170.0 195.0 172 210
0394 29.0 144.5 168 273
0318 147.0 134.0 214 290
0318 373.0 130.5 188 275
0323 111.0 134.0 196 278
0444 135.0 121.0 200 302
0401 48.5 173.0 155 234
0409 63.0 184.0 242 212
0313 304.0 197.0 206 218
0313 90.5 117.5 169 323
0349 383.0 142.5 196 283
0349 105.5 151.0 213 268
0345 323.0 153.5 160 273
0345 175.0 141.5 132 259
0390 95.5 222.5 93 191
0319 124.0 136.5 220 291
0319 364.5 136.5 205 271
0321 105.5 137.0 231 286
0437 246.5 143.0 239 286
0325 370.5 150.5 175 279
0325 99.5 118.5 205 301
0363 366.5 148.0 201 268
0406 46.0 192.0 162 212
0435 223.5 143.0 285 284
0342 166.5 112.0 181 306
0342 331.5 149.0 253 266
0329 88.5 142.0 293 286
0329 422.0 147.0 210 254
0445 366.0 144.0 174 278
0445 133.0 116.5 200 313
0392 53.5 134.0 143 278
0377 406.5 144.0 129 280
0377 116.0 118.5 202 303
0315 75.0 125.5 226 305
0315 357.5 153.5 195 251
0347 141.0 146.5 258 269
0347 416.5 143.0 197 282
0405 58.0 169.0 144 244
0387 107.5 132.5 207 283
0387 404.5 76.5 235 241
0361 131.0 137.0 172 290
0361 299.0 150.5 268 271
0434 233.5 141.5 259 279
0439 200.0 115.5 212 319
0330 88.5 140.5 279 291
0330 416.5 137.5 211 269
0379 119.0 230.0 236 180
0411 90.0 201.5 230 197
0423 231.0 152.0 266 268
0397 39.5 160.0 169 250
0339 349.0 131.5 224 273
0339 112.5 121.5 189 305
0332 432.5 148.5 163 255
0332 86.5 152.5 249 269
0344 305.0 150.0 212 282
0344 166.5 142.5 147 277
0317 109.5 124.0 233 304
0317 351.0 99.0 206 308
0316 107.0 119.0 222 306
0316 315.0 89.5 228 327
0352 119.0 135.5 168 277
0352 333.0 151.5 186 263
0440 166.5 122.0 223 310
0440 387.5 147.5 169 275
0334 406.0 154.5 158 253
0334 80.0 137.0 198 280
0403 26.0 195.5 182 205
0358 362.0 158.5 138 265
0358 114.0 131.0 178 288
0335 90.0 139.0 192 268
0335 403.0 157.5 160 245
0446 136.0 114.0 174 316
0446 351.0 143.5 166 273
0448 134.0 105.5 168 325
0448 362.0 125.0 136 296
0412 90.0 198.5 242 203
0412 553.0 270.5 86 143
0373 388.5 144.0 167 276
0373 98.5 116.0 211 296
0376 408.0 146.5 126 279
0376 96.5 123.5 219 297
0351 117.0 142.0 174 272
0351 283.0 141.0 274 280
0391 57.5 122.5 139 303
0422 233.5 155.0 265 262
0413 145.0 200.0 178 198
0413 528.0 274.5 94 127
0331 433.0 141.0 170 266
0331 84.5 143.0 273 290
0364 361.0 146.0 220 266
0364 181.5 130.5 173 291
0396 45.5 160.0 157 256
0399 41.5 194.5 219 211
0353 335.0 151.0 182 274
0353 116.0 133.0 172 284
0322 112.5 137.0 201 280
0322 414.5 152.0 95 260
0356 338.0 151.5 168 275
0356 113.0 134.5 178 283
0359 342.0 177.5 172 241
0359 117.0 135.5 174 285
0337 366.5 137.0 201 270
0337 108.5 121.5 185 303
0381 234.0 196.0 280 234
0384 422.0 112.0 216 248
0384 147.5 122.0 235 314
0400 39.0 195.0 200 210
0324 398.0 156.5 132 263
0324 109.0 122.0 194 300
0398 35.5 197.0 209 212
0416 477.5 195.0 151 222
0416 128.0 206.0 204 204
0388 116.0 174.5 88 255
0326 436.0 194.5 176 227
0326 118.5 120.5 175 299
0346 329.0 147.0 152 286
0346 167.0 134.5 144 275
0374 393.0 145.5 152 275
0374 97.5 109.5 209 317
0354 347.5 149.5 149 271
0354 112.0 135.5 176 279
0418 173.0 146.5 202 275
0336 107.5 125.5 163 295
0336 370.5 155.5 205 247
0420 261.0 150.5 134 259
0371 391.0 127.0 178 288
0371 146.5 128.5 153 293
0395 33.5 153.0 165 266
0362 116.0 130.5 208 281
0370 148.0 125.5 150 289
0370 375.5 119.5 205 293
0311 315.0 171.5 186 241
0311 99.5 125.0 155 308
0369 342.0 68.5 248 347
0369 146.5 128.5 163 285
0367 419.0 155.0 160 250
0355 357.0 150.5 138 271
0355 114.0 137.0 176 286
0432 175.5 126.0 279 308
0357 367.5 160.0 129 262
0357 112.0 130.0 184 288
0438 217.0 145.5 190 275
0338 111.0 126.0 186 300
0338 353.0 128.0 208 284
0383 159.5 139.5 239 279
0383 434.5 141.0 187 258
0312 294.5 190.5 175 229
0312 85.5 122.0 167 312
0375 394.0 145.0 140 278
0375 104.5 118.0 193 306
0408 62.0 184.0 176 214
0442 360.5 150.0 185 270
0442 156.0 116.5 214 317
0320 112.5 135.5 233 289
0320 376.0 124.0 178 286
0443 333.0 146.5 192 275
0443 146.0 114.5 214 313
0393 40.5 145.0 151 270
0417 137.5 214.0 235 188
0417 463.5 184.0 85 98
0343 340.5 149.5 225 281
0343 189.5 116.0 145 302
0314 72.5 117.0 225 326
0340 95.0 128.0 224 300
0340 348.0 140.5 224 267
0427 215.5 136.5 213 291
0407 49.5 191.0 171 216
0447 352.0 142.0 154 284
0447 132.0 122.0 172 300
0366 169.0 103.0 412 336
0350 104.0 143.0 172 274
0350 378.0 140.5 188 287
0415 143.5 249.0 171 148
0415 484.5 208.5 141 213
0378 118.0 133.0 230 280
0378 363.5 154.5 223 271
0402 27.0 194.5 180 207
0328 109.0 142.0 142 270
0328 424.5 147.5 199 255
0386 114.0 138.0 198 282
0386 411.0 78.0 226 246
0380 320.5 170.5 213 283
0426 227.5 131.5 197 285
0310 300.0 186.0 206 232
0333 431.0 159.0 156 242
0333 73.0 146.0 228 276
0365 174.5 102.5 397 337
0463 118.0 135.5 194 293
0521 370.0 151.0 186 260
0487 256.0 250.5 204 171
0519 371.5 157.0 195 252
0508 83.0 97.0 274 190
0508 327.0 181.0 214 244
0477 212.0 133.5 316 293
0530 360.0 153.5 208 271
0530 24.5 162.5 181 257
0499 359.5 147.5 145 271
0499 199.0 33.0 168 208
0539 415.5 145.0 219 274
0539 69.0 142.5 276 263
0451 326.5 127.0 157 280
0451 138.5 107.5 181 321
0481 159.5 116.0 237 306
0525 370.0 149.5 210 255
0525 6.5 169.5 205 291
0541 388.0 125.0 248 312
0541 94.0 140.5 248 261
0507 347.0 196.5 148 221
0507 70.5 66.5 289 183
0502 389.5 186.5 83 205
0483 261.5 219.0 245 196
0504 387.0 200.5 90 207
0458 296.0 181.5 246 243
0531 379.5 171.0 213 256
0475 297.5 145.0 243 280
0475 191.5 130.0 133 288
0484 263.0 225.5 234 185
0450 351.5 117.5 131 309
0450 135.0 112.5 168 313
0493 327.0 132.0 152 278
0533 388.5 168.0 223 278
0533 42.5 146.0 163 266
0479 196.0 117.5 224 301
0486 162.5 118.0 199 316
0461 372.0 134.0 212 290
0535 409.5 147.5 179 305
0500 176.5 37.0 195 198
0500 364.5 152.0 139 260
0545 468.0 113.5 170 309
0498 361.0 142.0 146 272
0498 177.5 41.5 179 197
0485 253.5 225.5 213 195
0455 290.0 181.5 226 239
0456 285.5 188.0 241 232
0505 382.0 198.5 98 207
0505 89.5 34.0 273 206
0529 374.0 141.5 174 275
0529 6.5 214.0 173 208
0543 398.0 112.0 214 328
0543 198.5 132.5 137 283
0466 327.5 176.0 261 254
0466 124.5 105.5 219 323
0488 210.5 138.5 207 287
0471 232.5 150.0 259 276
0518 379.5 153.5 185 253
0453 157.5 112.0 217 310
0490 236.5 234.0 257 180
0489 195.0 229.0 230 190
0496 348.5 143.0 151 278
0472 235.5 144.5 287 277
0452 314.0 132.0 170 294
0544 360.5 124.5 241 301
0473 229.0 159.5 306 251
0459 342.0 152.0 226 270
0459 119.5 178.5 195 263
0526 362.0 146.0 236 256
0526 14.0 255.0 184 194
0528 380.5 135.0 205 282
0528 15.5 263.5 181 155
0538 401.0 144.5 226 283
0538 61.5 136.0 231 274
0494 156.0 150.5 150 231
0494 338.0 134.0 142 278
0449 365.5 120.5 129 307
0449 130.5 112.0 177 318
0476 302.5 145.0 225 284
0482 260.5 216.5 239 197
0534 392.0 158.0 172 290
0457 123.0 175.0 388 260
0542 384.0 115.5 244 329
0462 388.0 133.5 228 297
0462 121.0 134.5 192 297
0516 370.5 158.0 211 252
0517 372.5 153.0 193 256
0514 365.5 152.0 199 248
0527 360.0 142.5 240 263
0527 10.0 269.0 156 158
0474 181.5 134.0 161 286
0540 83.0 142.0 258 268
0540 403.5 138.5 237 283
0495 343.0 138.5 142 271
0495 157.5 95.0 145 264
0503 389.5 195.0 81 212
0492 176.5 146.5 277 275
0497 355.0 123.0 146 292
0464 429.5 141.0 163 284
0464 126.5 118.5 193 309
0520 374.0 150.0 206 260
0522 374.0 150.5 196 257
0522 99.5 214.0 253 210
0506 353.0 209.0 138 210
0532 386.5 156.5 201 267
0509 297.5 183.5 263 231
0509 77.5 115.0 297 192
0515 365.0 154.5 190 253
0465 369.0 141.5 208 293
0465 125.0 113.5 202 323
0537 394.0 144.0 238 288
0537 48.0 145.5 240 267
0524 12.0 180.5 194 265
0480 182.0 125.0 244 290
0478 308.0 143.0 198 282
0511 392.0 160.5 176 245
0511 137.0 217.5 260 193
0454 121.0 173.5 312 253
0510 371.5 165.0 189 248
0470 179.5 193.5 293 245
0460 351.0 147.5 224 281
0536 401.0 139.5 216 303
0536 33.5 138.5 239 273
0467 161.5 143.0 155 276
0491 258.0 232.0 208 182
