0076 178.0 160.0 152 250
0076 303.0 216.5 202 203
0085 73.0 131.5 164 285
0095 58.5 159.0 209 258
0077 188.0 150.5 146 257
0047 127.5 152.0 287 268
0047 429.0 157.5 144 225
0036 111.5 126.5 181 299
0036 331.5 204.5 175 213
0024 70.0 163.0 202 270
0007 373.0 136.0 190 280
0007 71.5 141.5 207 281
0043 210.5 114.0 291 320
0062 75.5 154.5 215 265
0086 61.5 142.0 159 280
0051 81.0 136.5 172 289
0051 440.5 89.5 171 231
0034 81.0 131.0 196 300
0009 342.0 107.0 232 320
0009 83.0 115.0 202 316
0100 70.0 152.0 188 270
0100 410.0 194.0 150 220
0088 47.5 146.5 171 275
0033 56.5 141.0 205 278
0094 74.5 154.0 209 266
0069 60.0 159.0 260 260
0053 66.5 139.5 153 285
0075 166.5 159.0 171 248
0075 328.5 207.0 169 208
0023 176.0 128.0 210 298
0083 83.0 148.0 174 268
0083 401.5 93.0 235 228
0084 75.0 139.0 186 278
0081 100.0 156.5 228 265
0081 471.5 126.5 99 203
0037 332.0 201.5 166 213
0037 126.0 132.5 160 293
0010 338.0 117.0 232 308
0010 110.5 128.5 181 289
0091 49.0 163.5 214 253
0020 166.0 129.0 176 296
0020 331.0 141.0 92 254
0074 193.5 136.0 161 274
0074 338.0 212.5 164 201
0012 318.0 201.5 214 221
0027 109.5 144.0 195 282
0078 177.5 146.5 261 279
0092 58.5 167.5 263 239
0026 110.0 148.0 202 280
0022 177.0 115.5 180 323
0079 134.5 155.5 253 261
0087 58.0 145.5 166 275
0029 118.0 131.0 192 294
0014 122.5 137.0 287 296
0005 363.5 140.0 181 288
0005 76.0 139.5 220 289
0046 253.0 141.0 226 286
0098 77.5 144.0 175 276
0098 435.0 232.0 100 186
0061 85.5 158.5 233 257
0018 144.5 133.0 263 304
0048 130.5 154.0 259 264
0048 405.0 124.0 220 222
0016 171.0 168.5 188 267
0042 193.5 124.5 159 301
0042 330.0 137.0 160 276
0089 36.5 151.5 197 273
0002 359.0 143.0 194 284
0002 118.5 141.5 179 277
0057 32.0 156.5 212 265
0044 195.5 134.5 271 289
0064 59.0 156.5 200 261
0032 51.5 145.0 211 274
0001 116.0 146.5 186 273
0001 354.5 141.0 193 286
0030 110.5 131.5 201 295
0052 73.5 130.0 171 292
0039 127.0 140.5 172 285
0039 345.5 159.0 149 262
0096 54.5 156.0 201 260
0102 70.0 194.5 192 227
0102 401.5 135.0 197 282
0090 37.5 157.5 207 263
0040 124.0 141.0 218 284
0040 354.0 150.0 136 268
0017 130.0 131.0 302 316
0058 29.0 164.0 226 250
0067 76.0 147.0 192 278
0031 101.5 153.5 343 265
0060 59.0 169.5 262 235
0004 356.5 142.0 197 284
0004 103.0 139.0 196 280
0055 52.5 140.5 163 281
0006 71.0 137.0 226 286
0006 366.0 136.0 184 282
0070 105.5 156.0 235 262
0063 59.0 158.5 212 261
0072 135.5 145.0 271 266
0072 391.0 224.5 112 199
0097 70.0 150.5 180 271
0099 71.5 150.5 181 275
0099 414.0 197.0 144 214
0066 89.5 146.0 177 274
0071 123.5 165.0 387 250
0013 103.5 147.0 163 268
0093 82.5 161.5 235 255
0015 120.5 132.0 301 310
0045 201.0 145.5 246 269
0041 151.0 128.0 214 300
0041 358.0 138.0 134 280
0038 334.5 179.0 163 240
0038 130.5 121.5 165 299
0049 95.0 145.5 222 273
0049 419.0 65.0 190 268
0003 353.5 146.5 195 279
0003 113.0 138.5 184 277
0080 401.5 131.5 237 213
0080 169.0 187.5 174 231
0059 66.5 158.5 211 253
0082 96.0 156.0 182 264
0050 447.0 64.5 166 265
0050 87.5 129.0 175 290
0011 337.0 119.5 190 301
0011 117.0 100.5 182 297
0101 70.5 182.5 191 237
0101 400.5 129.0 205 292
0021 169.5 123.0 169 310
0008 370.5 128.5 201 297
0008 71.5 126.5 191 301
0035 91.5 134.5 189 295
0068 70.5 154.5 233 267
0019 157.0 127.0 206 304
0028 121.5 135.5 181 299
0065 94.5 148.0 169 274
0056 49.0 150.5 168 271
0073 174.0 138.5 176 269
0073 337.0 201.5 166 209
0199 111.0 116.0 186 312
0199 347.0 174.5 136 255
0116 186.5 156.5 297 255
0172 145.0 217.5 212 209
0196 85.0 137.0 208 284
0196 344.5 174.0 151 250
0203 100.5 134.5 205 293
0135 218.5 155.5 297 267
0115 352.5 130.0 143 290
0115 163.5 192.0 183 220
0195 78.5 136.5 215 291
0138 218.5 133.5 287 297
0180 94.0 185.5 168 241
0180 372.0 133.0 180 288
0185 369.0 118.5 196 303
0185 74.5 143.5 207 279
0216 228.5 163.5 175 243
0198 86.0 125.5 208 299
0198 344.0 182.5 154 245
0159 51.5 188.0 207 250
0159 443.5 238.5 173 147
0144 76.5 140.0 219 282
0103 71.5 183.5 205 237
0103 394.5 130.5 179 285
0184 371.5 116.0 185 306
0184 82.5 138.5 201 285
0218 129.5 172.0 173 220
0109 376.5 147.0 165 272
0105 384.5 144.5 175 273
0105 137.5 203.5 165 203
0204 100.0 149.5 206 275
0158 51.0 195.0 206 240
0188 57.0 146.0 222 278
0188 317.5 133.5 225 289
0214 235.5 158.5 179 253
0227 4.5 159.0 269 210
0201 110.5 167.0 195 264
0200 112.5 127.0 185 300
0200 346.5 168.0 129 240
0166 109.5 164.5 293 253
0166 404.0 211.5 162 199
0176 91.5 198.5 191 231
0153 47.5 216.0 211 200
0168 142.0 169.0 256 242
0168 393.5 208.5 175 205
0106 362.0 132.0 188 288
0186 359.5 102.0 199 332
0186 57.5 148.0 213 276
0119 137.5 187.0 165 232
0119 408.0 194.0 146 230
0219 94.5 97.0 251 272
0171 135.5 222.5 251 203
0171 428.5 213.5 145 205
0165 79.0 183.5 264 239
0175 94.5 208.5 191 221
0122 398.5 153.5 155 271
0122 104.5 180.0 193 242
0191 83.0 135.0 190 286
0179 370.0 144.5 180 277
0179 82.5 181.0 189 246
0237 145.5 221.5 163 243
0104 387.0 141.0 182 278
0178 76.0 190.5 198 233
0181 99.5 176.5 183 253
0181 376.0 132.5 184 285
0174 106.5 216.0 197 206
0209 111.0 140.0 190 280
0194 70.0 147.5 236 279
0194 309.0 197.0 204 228
0142 445.5 76.0 139 254
0142 77.0 182.0 258 240
0152 51.5 215.0 203 198
0139 149.5 140.0 275 290
0139 452.0 146.5 146 259
0177 80.0 193.5 198 235
0148 71.0 144.0 172 264
0156 46.5 205.0 215 222
0169 146.5 203.0 241 228
0169 382.0 199.0 158 216
0147 66.0 133.0 176 278
0147 459.5 137.0 179 212
0112 69.0 182.0 200 242
0112 374.0 142.0 174 282
0124 44.0 184.0 238 248
0124 395.0 142.5 170 271
0121 396.5 181.0 161 238
0121 130.5 164.5 155 253
0150 49.0 161.5 210 249
0225 122.5 81.0 171 246
0140 115.5 143.5 279 281
0140 405.5 145.0 157 206
0132 374.5 192.0 183 236
0132 188.5 188.0 159 226
0113 71.0 181.0 228 244
0113 384.0 143.0 170 276
0134 211.0 192.0 146 218
0134 345.0 172.0 170 260
0125 72.5 187.5 209 243
0125 398.5 145.5 171 265
0143 68.0 150.5 274 275
0143 397.0 68.5 236 259
0161 52.0 180.0 220 248
0161 446.5 215.0 115 144
0208 69.0 141.0 236 280
0173 105.5 215.0 209 204
0193 69.5 137.5 229 287
0193 312.5 204.5 205 221
0123 56.0 182.5 224 247
0123 396.0 135.5 166 277
0192 80.0 132.0 206 294
0192 331.5 201.0 189 224
0157 47.5 199.5 211 233
0151 58.5 212.0 199 202
0205 97.0 131.0 210 298
0155 44.5 208.0 223 218
0202 102.5 151.0 205 274
0221 119.5 82.0 199 252
0213 227.0 147.0 210 258
0210 115.0 140.5 202 287
0162 75.0 173.5 210 255
0206 101.0 123.5 202 303
0126 375.5 123.5 207 301
0126 111.0 188.0 184 258
0131 407.0 206.5 192 221
0160 53.5 186.5 201 249
0120 402.5 187.0 159 230
0120 137.0 204.0 148 214
0170 155.0 206.0 354 228
0133 366.5 186.5 173 235
0133 198.0 267.0 120 146
0190 75.0 145.0 198 278
0190 306.0 138.0 226 278
0145 73.0 133.5 196 277
0197 86.5 135.0 205 290
0197 340.5 180.5 155 241
0110 358.0 141.5 192 275
0110 138.0 184.0 150 230
0212 168.0 152.5 190 261
0141 411.5 116.0 203 226
0141 104.5 147.0 249 286
0164 84.0 172.5 258 255
0164 425.5 207.5 153 205
0207 68.0 139.0 234 284
0111 373.5 142.0 175 278
0111 74.5 181.5 203 239
0154 44.5 213.5 225 207
0226 21.5 121.0 267 220
0189 64.5 145.5 213 277
0189 316.0 142.0 218 268
0187 46.5 151.5 237 273
0182 97.0 153.5 190 275
0182 376.0 106.5 176 323
0228 2.0 180.5 276 189
0128 372.0 128.0 194 290
0128 192.0 216.0 162 244
0215 236.5 164.0 171 246
0117 149.0 189.5 358 229
0108 375.0 140.5 162 277
0108 154.0 154.5 174 263
0118 129.0 128.0 224 294
0118 397.0 203.0 170 212
0127 383.0 127.5 196 293
0127 120.5 195.0 175 258
0183 371.5 119.0 185 302
0183 88.0 136.5 196 285
0130 167.0 233.5 280 177
0130 417.0 189.5 190 243
0149 71.0 141.0 168 268
0107 367.5 149.5 171 259
0107 155.0 196.5 232 217
0167 118.0 164.5 280 247
0146 71.5 124.5 179 289
0114 390.0 131.0 154 292
0114 98.0 165.0 210 250
0217 135.5 200.5 151 211
0163 112.5 178.5 193 243
0264 6.5 243.5 169 187
0240 40.5 117.0 281 312
0290 112.5 136.0 181 284
0290 328.0 195.0 188 232
0245 44.5 167.0 283 238
0263 2.0 256.5 134 175
0257 413.0 74.5 190 351
0280 398.5 217.5 157 209
0247 30.5 218.5 289 203
0247 400.5 175.0 153 254
0275 164.0 144.5 188 283
0275 362.5 136.0 129 292
0254 426.5 119.5 179 309
0273 333.0 169.5 184 241
0273 96.0 148.0 218 274
0294 187.0 141.5 288 283
0291 138.5 68.5 187 363
0291 332.5 204.0 197 218
0248 422.0 164.0 170 250
0276 167.5 122.5 211 295
0276 364.5 130.0 127 298
0256 416.0 95.5 188 339
0282 149.0 191.5 224 231
0268 293.5 210.0 227 204
0268 125.5 148.0 155 272
0272 322.0 159.5 218 261
0272 87.0 151.0 230 270
0279 198.5 203.0 235 222
0241 104.5 152.5 225 247
0288 323.0 203.0 208 226
0288 109.5 142.5 197 281
0265 46.0 190.5 188 227
0265 243.0 198.0 270 222
0252 433.5 87.5 159 359
0243 86.5 138.0 253 250
0242 95.5 134.5 239 257
0246 396.5 169.5 141 263
0246 41.5 196.5 279 227
0249 396.0 154.0 212 264
0269 308.0 199.5 230 213
0269 124.0 150.5 168 267
0287 111.5 148.0 191 278
0281 164.0 177.5 294 249
0255 421.5 98.5 183 337
0259 39.5 209.5 243 193
0259 408.5 107.5 197 323
0292 155.0 67.0 198 360
0292 318.5 204.5 201 217
0285 113.0 170.5 186 259
0258 413.0 116.0 190 314
0258 62.0 210.5 222 217
0239 164.0 197.5 188 251
0261 -3.5 187.0 139 256
0283 126.0 192.0 286 234
0278 204.5 130.5 223 301
0270 322.0 190.0 216 226
0270 98.0 148.0 208 274
0274 134.5 149.5 195 279
0274 354.5 154.0 155 270
0262 -5.0 195.5 140 249
0251 431.0 70.0 166 366
0289 324.5 200.5 197 229
0289 111.0 131.5 184 291
0277 185.0 51.5 246 381
0244 57.5 155.0 251 230
0253 432.5 102.0 167 336
0250 420.0 90.0 170 358
0267 103.0 164.5 150 271
0266 80.5 172.0 179 256
0266 269.5 195.0 265 224
0295 178.5 189.5 291 235
0271 313.0 182.5 232 241
0271 94.0 148.5 216 271
0293 159.5 65.5 201 353
0373 142.5 131.0 169 292
0373 299.5 195.5 237 225
0404 381.5 143.5 199 271
0404 10.0 200.0 242 220
0372 142.0 133.0 164 290
0469 68.0 126.5 210 171
0469 415.5 149.0 185 246
0435 193.5 155.0 169 260
0414 129.5 220.5 203 213
0414 320.5 86.0 169 310
0457 366.5 135.5 141 285
0457 77.0 135.0 192 284
0406 370.5 126.0 225 284
0406 10.5 315.5 247 97
0349 351.5 128.5 199 293
0349 119.5 125.5 177 303
0396 266.5 133.0 211 286
0396 29.5 74.5 267 247
0359 373.5 112.5 169 313
0359 100.0 128.5 176 299
0431 256.5 185.5 203 235
0411 286.0 205.0 188 214
0430 242.5 111.5 239 313
0361 351.0 122.0 206 302
0361 108.5 127.5 145 293
0357 84.5 120.5 211 315
0357 358.5 131.0 191 292
0427 211.5 107.5 295 273
0397 285.5 146.5 183 273
0397 49.5 81.5 241 233
0437 153.5 147.0 203 266
0375 289.5 195.0 241 222
0421 135.0 69.0 370 328
0352 362.5 123.5 185 295
0352 118.5 139.5 181 287
0381 163.0 150.0 324 258
0367 294.5 209.5 243 207
0367 118.0 141.5 188 273
0449 96.0 139.0 170 288
0358 76.0 138.5 210 289
0358 364.5 120.5 181 301
0378 243.5 77.0 253 352
0450 295.5 141.0 209 294
0450 94.0 142.0 182 278
0413 323.0 137.5 182 273
0429 240.0 108.0 234 338
0436 165.5 150.0 199 266
0447 113.0 139.0 134 276
0447 290.0 155.0 146 264
0398 317.0 172.0 182 254
0398 45.5 71.5 249 243
0370 145.0 128.0 152 298
0370 288.0 185.5 248 233
0428 220.5 120.5 263 313
0348 349.5 129.0 203 304
0348 120.0 126.5 170 299
0464 54.5 12.5 247 307
0458 83.0 134.0 206 288
0456 336.0 120.0 192 308
0456 69.5 143.5 207 275
0441 146.5 147.5 175 271
0387 133.0 186.5 200 235
0387 366.5 205.0 181 218
0356 101.5 124.0 201 302
0356 361.5 126.5 187 301
0461 132.0 121.0 174 306
0366 128.0 152.5 278 271
0347 115.0 118.0 184 306
0347 348.5 129.0 209 298
0389 104.0 161.5 206 257
0389 336.5 90.5 137 283
0425 217.5 190.5 315 103
0386 140.5 191.0 219 224
0446 112.5 144.0 133 270
0403 373.5 116.0 193 312
0403 0.5 126.0 251 236
0350 359.5 126.5 189 303
0350 117.5 133.5 179 289
0383 168.0 194.0 270 212
0383 427.0 150.0 178 276
0444 144.5 150.5 143 263
0444 349.5 234.0 117 184
0407 352.0 135.5 236 271
0388 346.5 98.0 163 332
0438 163.5 145.0 191 272
0455 333.0 123.0 194 300
0455 67.5 142.5 221 277
0355 117.5 118.0 187 304
0355 361.5 124.0 183 296
0351 117.5 141.5 189 283
0351 352.5 115.0 209 312
0400 344.5 144.5 177 283
0400 7.5 82.5 245 231
0376 247.0 116.0 244 308
0402 371.0 140.0 176 286
0402 0.0 105.5 248 247
0451 302.0 143.5 200 281
0451 79.0 143.5 200 277
0390 329.0 90.5 142 245
0390 108.5 155.5 199 269
0432 226.0 182.0 192 240
0422 137.0 101.5 358 209
0453 329.0 132.0 192 294
0453 63.5 143.5 227 277
0465 52.5 32.5 251 281
0465 371.0 150.0 180 258
0433 224.5 162.5 177 257
0462 75.0 123.0 196 310
0462 345.0 174.0 142 246
0395 275.5 99.0 181 280
0395 84.0 109.0 194 236
0443 132.5 148.5 185 265
0368 119.5 140.5 197 273
0368 291.5 196.5 233 223
0377 205.0 53.5 354 377
0379 218.5 117.0 305 306
0374 297.0 186.5 248 235
0374 169.0 124.5 142 301
0394 268.0 79.0 192 256
0394 97.5 125.5 169 237
0434 196.0 157.5 178 261
0463 57.5 77.5 229 323
0399 336.5 147.0 181 276
0399 50.5 74.0 233 236
0454 334.5 110.5 185 317
0454 69.0 144.5 222 279
0354 359.5 131.5 189 293
0354 118.0 116.0 180 306
0442 141.5 146.0 189 272
0365 144.0 153.0 240 272
0401 352.5 140.5 199 287
0401 6.5 82.5 253 245
0385 151.0 200.0 228 210
0385 397.5 147.0 177 276
0353 117.5 125.0 185 300
0353 365.5 131.0 179 288
0416 111.5 192.0 209 236
0426 190.0 161.0 338 178
0419 122.5 217.0 205 214
0384 152.0 207.0 244 200
0384 407.5 157.5 191 257
0468 31.5 26.5 269 299
0371 142.0 130.5 164 295
0371 291.0 195.0 244 224
0369 136.5 122.5 159 295
0369 294.0 198.5 238 221
0360 115.0 100.0 176 330
0360 361.5 116.5 187 309
0363 111.5 135.5 303 293
0380 201.0 142.0 318 260
0448 106.5 134.5 143 287
0448 283.5 207.0 159 220
0460 105.5 125.0 193 298
0440 165.5 141.5 173 271
0362 357.5 120.5 195 309
0362 111.5 153.5 147 261
0466 49.5 43.5 313 265
0466 398.0 140.0 128 270
0405 405.0 111.0 192 318
0405 60.0 306.0 196 104
0459 79.0 132.5 218 293
0459 387.5 150.5 97 267
0415 112.0 203.0 232 226
0391 116.0 133.0 182 292
0391 266.5 91.0 197 230
0382 133.0 172.0 302 214
0445 125.5 150.0 123 270
0467 95.5 72.5 253 187
0452 67.5 141.5 223 275
0452 318.0 133.5 196 299
0439 159.0 146.0 194 274
0392 264.5 87.0 179 218
0364 103.5 147.5 327 273
0498 378.5 115.5 177 263
0506 402.5 55.0 209 242
0506 123.0 172.0 166 254
0520 34.0 142.0 206 296
0518 47.5 148.5 211 283
0534 417.5 222.0 131 166
0534 65.5 120.0 185 310
0483 413.0 196.0 196 216
0528 46.5 137.0 217 308
0474 3.0 228.5 272 187
0549 81.0 153.0 166 262
0500 134.5 182.5 267 245
0512 58.0 127.5 188 293
0532 460.5 210.0 149 190
0532 55.5 121.5 199 309
0508 392.0 132.5 248 201
0508 101.0 134.5 154 291
0544 159.5 138.5 231 299
0544 461.0 160.0 142 224
0473 428.0 132.0 118 276
0473 51.5 240.5 233 91
0537 95.5 131.0 235 296
0537 349.0 216.5 228 185
0497 190.0 170.5 246 257
0562 45.5 194.5 197 213
0514 42.0 130.5 198 299
0475 459.0 183.0 96 206
0573 115.0 212.5 92 221
0578 126.5 156.0 207 260
0578 441.5 156.5 159 245
0479 444.5 200.5 149 215
0531 46.5 123.5 215 321
0571 80.5 188.5 141 227
0519 47.5 140.5 211 299
0523 -0.5 122.5 239 333
0526 25.0 126.0 224 326
0558 34.5 199.0 175 198
0492 286.0 188.0 176 234
0521 16.0 127.0 226 318
0485 439.0 162.5 134 251
0575 95.0 195.5 146 233
0501 123.5 183.5 265 247
0501 377.0 79.5 192 223
0564 39.0 188.0 180 222
0551 85.5 204.0 91 204
0551 479.5 101.0 161 220
0574 80.0 195.0 160 248
0470 408.0 138.0 138 262
0561 46.0 207.5 212 195
0471 416.0 135.5 128 277
0471 46.0 146.5 234 205
0504 129.5 182.5 151 249
0515 39.5 143.0 201 288
0488 158.0 230.0 196 222
0481 361.5 208.5 241 201
0472 423.0 144.5 126 273
0472 -7.0 187.0 292 152
0563 50.0 190.5 166 217
0567 64.0 183.5 156 231
0567 477.5 237.5 103 137
0502 115.5 199.0 223 228
0536 70.5 122.5 231 325
0536 339.5 229.5 239 163
0513 44.5 136.5 193 289
0541 378.5 227.5 117 185
0541 252.5 225.0 109 188
0541 240.5 135.0 101 110
0548 94.0 135.0 172 286
0548 500.0 136.0 102 184
0570 73.5 197.0 159 210
0529 36.0 148.0 210 302
0494 277.0 190.5 170 255
0559 27.5 203.5 193 199
0510 381.5 197.0 257 166
0510 85.0 131.0 162 294
0566 62.0 177.5 150 241
0535 60.5 113.0 231 340
0546 130.0 153.0 188 266
0505 135.5 173.0 139 252
0505 402.5 53.0 209 224
0522 9.0 121.5 224 325
0507 385.5 105.5 245 201
0507 109.5 142.5 149 285
0487 163.5 240.5 187 209
0580 106.5 163.5 203 251
0580 435.5 159.0 151 246
0499 156.5 148.0 299 270
0550 492.0 96.0 144 224
0560 26.0 205.0 206 200
0511 67.0 131.0 178 290
0552 482.5 103.0 153 218
0552 83.5 205.0 91 200
0495 194.0 181.5 172 245
0524 13.5 116.0 221 338
0496 178.0 185.5 172 239
0545 461.0 132.5 142 223
0527 45.5 128.5 221 321
0491 236.5 144.5 191 275
0555 37.5 162.0 147 244
0538 108.0 128.0 238 298
0493 287.5 187.0 155 254
0579 114.5 158.0 203 262
0579 432.5 155.5 163 243
0565 36.5 185.5 177 229
0516 51.0 141.5 204 293
0556 42.0 165.5 144 241
0517 33.5 147.0 213 284
0577 130.5 236.5 105 169
0577 451.5 152.0 145 248
0530 46.0 139.0 214 300
0478 445.0 202.5 144 209
0540 154.5 135.5 229 285
0576 91.0 162.5 174 249
0576 453.0 145.0 140 256
0569 62.5 185.0 159 230
0572 81.5 198.5 149 225
0572 469.0 158.0 128 240
0525 34.5 110.0 201 348
0554 41.5 152.5 137 253
0543 239.0 127.0 342 300
0533 421.0 206.5 128 187
0533 59.0 123.0 196 308
0486 416.0 160.5 126 245
0568 63.5 186.0 157 228
0568 471.0 232.5 104 149
0539 134.0 131.0 214 294
0539 387.0 199.5 148 209
0503 121.5 199.5 173 227
0547 480.0 120.0 142 214
0557 41.0 177.5 152 227
0553 36.5 152.0 147 254
0596 115.0 152.0 196 272
0687 286.5 127.0 239 240
0610 72.0 145.5 176 283
0622 47.0 140.0 180 288
0639 282.0 133.5 158 271
0640 331.5 83.0 147 336
0684 369.0 189.5 134 227
0618 9.5 150.0 199 270
0628 298.5 204.5 171 203
0628 103.5 131.5 167 295
0584 134.5 119.0 113 304
0678 373.5 122.5 193 287
0586 100.0 133.0 180 288
0604 88.5 147.5 233 273
0682 384.0 151.0 144 268
0641 335.5 90.0 147 306
0653 174.5 168.5 305 277
0708 -4.0 137.5 150 289
0695 91.5 181.5 327 271
0648 231.5 82.5 169 225
0611 80.0 131.5 174 305
0607 58.5 139.5 227 289
0669 428.0 268.5 196 141
0647 309.5 187.0 143 262
0674 421.0 206.0 168 204
0612 96.0 122.0 256 330
0600 122.5 147.0 207 276
0619 20.0 147.5 196 273
0696 72.0 177.5 322 285
0583 120.0 120.5 140 305
0623 46.0 136.5 184 293
0623 341.5 272.5 271 151
0668 420.0 274.5 202 129
0707 516.0 255.0 38 106
0707 0.0 160.5 142 289
0707 457.5 249.0 43 116
0608 83.5 149.5 161 259
0589 137.5 152.5 203 271
0632 186.0 141.0 160 288
0603 81.0 150.5 374 265
0624 75.5 120.5 175 305
0595 96.5 132.5 239 307
0620 24.5 147.0 187 284
0697 131.0 203.5 190 269
0636 215.0 113.0 228 312
0698 128.0 230.5 192 237
0710 -1.0 141.0 170 290
0667 398.5 280.0 213 126
0582 112.5 134.5 141 293
0621 33.5 145.5 193 281
0609 68.5 150.5 181 275
0671 422.5 232.5 205 187
0694 80.0 190.5 356 259
0588 130.5 112.5 191 309
0676 398.0 150.5 164 271
0673 423.0 212.5 180 203
0635 239.5 139.0 167 290
0675 409.0 181.0 154 236
0591 134.0 148.0 210 278
0672 424.5 222.5 199 197
0615 112.0 151.5 236 279
0651 113.5 190.0 305 258
0606 38.0 121.5 246 299
0625 81.5 118.5 183 309
0633 200.0 134.0 238 302
0709 506.0 218.5 104 179
0709 -2.5 128.0 157 314
0703 362.5 254.5 137 113
0703 14.0 235.5 192 221
0712 -5.5 152.0 167 272
0685 342.0 247.5 156 157
0650 134.5 203.5 277 217
0670 429.5 254.5 197 135
0649 188.0 106.5 294 273
0642 288.5 103.5 173 341
0706 -1.0 178.0 132 266
0706 510.0 256.0 42 108
0630 119.5 143.0 303 286
0590 137.0 150.0 204 272
0683 385.0 186.5 134 231
0602 91.0 153.5 360 257
0701 197.0 244.5 158 223
0629 305.5 166.0 157 242
0629 116.0 138.5 192 285
0594 95.0 120.5 450 307
0605 23.5 110.0 211 318
0626 83.0 119.5 198 305
0601 118.0 159.5 316 253
0637 222.0 138.0 218 264
0645 178.5 106.0 261 352
0714 13.0 156.0 148 262
0686 333.5 254.5 171 161
0680 360.0 135.0 222 280
0617 18.0 143.0 180 276
0677 399.5 138.5 161 279
0587 121.0 134.0 180 278
0681 388.0 150.5 156 269
0711 -5.5 146.0 165 276
0711 505.0 229.5 110 181
0699 117.5 166.5 197 285
0627 323.5 206.5 149 203
0627 102.5 125.0 171 294
0593 62.0 113.0 228 324
0646 190.0 101.0 248 352
0704 23.0 247.5 170 197
0704 368.0 257.0 186 118
0592 147.0 130.5 220 291
0581 130.0 192.0 64 222
0702 22.0 232.0 282 238
0644 183.5 134.5 285 337
0613 115.5 139.5 203 293
0614 116.5 143.5 213 287
0585 103.5 134.0 171 278
0585 307.0 187.5 214 229
0679 365.5 148.0 219 268
0631 145.0 141.5 182 293
0634 229.5 170.5 193 261
0643 266.5 119.0 207 332
0599 308.0 159.5 130 225
0616 115.0 123.5 314 323
0825 61.5 183.0 205 234
0737 188.0 146.0 258 276
0732 219.5 171.5 137 237
0840 -3.0 184.0 130 230
0749 406.5 142.0 147 248
0749 75.0 137.0 196 132
0727 70.5 185.0 273 212
0727 432.5 162.0 153 248
0811 116.5 146.5 177 277
0793 130.0 151.0 174 276
0841 3.0 200.5 150 207
0751 -9.5 189.5 281 173
0845 49.0 178.0 124 224
0845 478.0 188.0 106 200
0799 113.5 125.5 189 297
0776 45.0 166.5 198 245
0844 43.0 201.5 136 197
0844 477.5 203.5 111 193
0744 65.5 57.0 307 218
0800 116.5 143.0 191 278
0824 85.0 190.0 206 228
0824 438.0 127.0 194 206
0772 457.5 149.0 149 266
0831 6.0 154.5 194 259
0780 139.5 171.0 345 224
0771 32.5 190.5 151 217
0771 444.5 150.0 169 264
0728 88.5 176.0 255 230
0728 420.5 166.0 159 242
0745 90.5 88.0 259 210
0747 25.5 76.5 267 233
0747 429.5 144.0 145 244
0795 154.5 143.0 157 276
0828 5.0 157.5 204 259
0807 92.0 140.5 194 293
0818 185.0 132.5 284 267
0836 3.5 188.5 99 223
0788 145.5 146.0 173 284
0768 463.0 110.5 126 325
0746 82.5 91.5 253 219
0846 32.0 206.0 180 192
0846 477.0 186.0 110 204
0804 126.5 116.5 179 313
0769 457.5 114.0 141 320
0769 1.0 252.5 166 145
0786 121.5 156.5 177 261
0786 297.5 157.5 155 259
0826 37.0 154.0 206 270
0826 459.0 205.0 178 208
0838 2.5 179.5 99 223
0838 478.0 263.0 102 148
0766 0.0 176.5 148 267
0806 69.0 131.0 204 298
0806 247.5 201.5 255 225
0736 181.5 166.0 191 246
0754 51.0 335.0 228 108
0754 456.5 194.5 99 191
0789 162.5 139.0 147 280
0821 124.0 196.5 284 209
0821 449.0 92.0 146 232
0775 29.0 171.5 186 237
0819 174.0 149.5 290 241
0773 448.0 149.0 156 268
0773 36.0 187.0 140 224
0814 200.5 130.5 133 287
0814 359.0 143.5 186 273
0792 120.5 149.5 187 275
0726 55.5 177.0 257 224
0726 437.0 156.5 154 251
0794 137.0 142.5 168 281
0720 13.0 172.0 158 240
0720 492.5 198.5 87 175
0750 8.0 174.5 254 111
0778 103.0 178.0 352 224
0723 31.0 189.5 192 221
0723 451.0 159.5 144 251
0759 387.0 215.5 224 189
0787 277.5 161.5 173 255
0787 132.0 150.0 178 276
0763 15.0 214.5 288 217
0738 182.0 122.5 180 303
0801 123.5 131.0 187 298
0765 -0.5 178.0 153 270
0765 460.5 152.5 125 257
0808 110.0 115.0 190 324
0777 63.5 174.0 219 232
0733 174.5 147.5 223 267
0829 5.0 160.0 198 252
0722 42.0 171.0 148 238
0809 120.0 139.0 176 284
0837 -3.0 186.5 98 231
0739 181.0 140.0 176 284
0797 85.0 134.0 188 292
0719 507.5 183.0 87 208
0719 16.5 174.0 149 234
0833 -2.5 143.0 193 274
0718 14.5 188.0 143 220
0803 135.0 135.0 294 294
0724 32.0 192.0 214 216
0724 449.0 162.0 152 244
0774 37.5 178.5 143 225
0715 19.0 155.5 136 261
0731 186.0 159.0 158 242
0731 385.0 162.5 168 247
0740 97.5 126.5 185 279
0827 22.5 151.0 213 276
0830 10.5 157.0 187 260
0785 329.5 172.5 151 251
0785 114.0 166.0 182 246
0717 12.0 162.0 124 252
0717 541.0 286.0 82 116
0820 112.5 180.0 323 208
0729 102.0 170.0 246 238
0729 419.0 166.0 158 242
0813 137.5 125.0 171 304
0813 339.0 151.5 226 273
0805 119.0 144.5 306 281
0748 7.5 98.0 265 194
0748 417.0 133.0 128 262
0796 169.0 138.0 180 282
0725 16.0 189.5 250 219
0725 455.0 155.5 140 255
0752 -4.0 239.5 270 211
0839 1.0 189.5 110 219
0839 457.0 262.0 106 148
0817 213.0 111.5 138 313
0741 107.0 85.0 194 306
0770 446.5 141.0 167 282
0770 14.5 228.5 155 167
0735 177.0 163.0 200 246
0798 106.0 142.5 200 277
0802 122.5 122.5 207 311
0834 -4.0 154.5 184 257
0716 22.5 158.5 123 257
0782 241.0 191.0 238 216
0791 141.0 138.5 242 293
0734 174.0 169.0 202 242
0822 111.0 189.5 242 221
0822 439.5 86.5 177 223
0761 443.0 188.0 162 228
0816 317.5 138.0 195 280
0781 168.0 176.5 314 219
0823 100.5 190.5 215 223
0742 104.5 155.0 217 176
0843 38.5 177.5 125 225
0843 477.5 210.5 109 191
0835 0.5 172.0 141 232
0721 41.0 172.5 148 235
0721 483.0 161.0 96 248
0784 312.5 184.0 143 236
0842 12.5 196.5 153 207
0842 484.5 208.0 97 196
0730 117.0 190.0 240 216
0783 316.0 151.5 144 263
0783 144.5 165.0 169 248
0810 116.0 145.5 180 279
0812 123.0 141.5 176 275
0767 -1.5 204.5 143 225
0767 463.0 107.5 124 327
0832 -1.0 143.0 178 272
0779 118.0 173.0 274 230
0764 467.0 150.0 124 262
0764 16.0 208.5 156 233
0762 27.5 208.5 273 229
0790 187.0 136.5 154 285
0815 243.5 134.0 259 288
0897 59.0 142.0 218 272
0864 85.5 152.0 205 270
0858 84.0 164.5 192 249
0858 382.0 132.5 158 275
0924 24.0 155.5 198 267
0924 468.0 237.5 158 155
0891 141.5 146.5 221 271
0891 336.5 134.0 147 276
0920 33.0 156.5 182 263
0920 427.0 200.5 164 205
0895 115.5 139.0 199 274
0907 15.5 172.0 185 238
0869 112.0 148.0 242 270
0850 76.0 202.0 160 194
0850 427.0 183.0 154 204
0910 28.0 161.0 170 252
0910 446.5 163.0 101 242
0865 104.0 152.5 196 259
0933 142.0 161.0 224 246
0933 383.5 130.5 185 279
0931 112.5 150.0 247 262
0931 402.5 155.5 161 255
0867 129.5 141.5 189 275
0859 385.5 134.5 145 281
0859 96.0 161.5 192 259
0936 457.5 143.5 151 265
0905 15.5 171.0 187 238
0919 32.0 160.0 182 258
0919 361.0 224.5 226 183
0915 19.0 167.0 198 244
0863 89.0 152.5 202 269
0863 361.0 109.5 152 235
0848 36.0 213.0 212 188
0848 477.5 196.5 103 179
0923 14.0 159.0 204 256
0911 29.5 163.0 173 244
0860 79.5 162.0 225 254
0860 369.0 160.5 164 249
0880 128.5 125.5 181 305
0880 305.5 116.5 87 195
0892 148.5 145.5 205 269
0854 99.0 173.0 168 236
0854 340.0 203.5 176 195
0876 152.0 143.5 206 279
0929 86.5 187.5 279 223
0872 287.5 135.0 143 288
0872 112.0 149.0 196 272
0874 132.5 148.5 187 277
0868 117.0 147.5 218 269
0862 117.5 156.5 177 259
0862 383.5 165.0 153 240
0908 17.5 168.5 181 239
0882 147.0 123.5 224 305
0927 61.5 157.5 225 253
0927 447.0 210.5 168 201
0925 33.5 154.0 203 266
0861 100.5 173.0 211 250
0861 368.5 239.0 125 164
0922 17.5 159.5 201 257
0884 157.5 135.0 203 290
0887 164.0 125.0 200 294
0853 104.0 174.5 156 233
0853 375.5 311.0 47 86
0890 141.5 127.5 229 293
0888 149.5 120.0 229 302
0903 15.5 159.0 191 256
0903 536.0 265.0 80 142
0870 129.0 147.5 246 263
0900 30.0 140.0 210 282
0856 76.0 184.0 204 228
0856 365.5 145.0 169 264
0896 70.5 140.5 225 277
0877 119.5 143.5 179 273
0912 16.5 165.5 191 247
0930 85.0 164.5 282 249
0934 379.0 139.0 154 280
0934 238.5 119.0 97 144
0934 239.0 234.0 104 174
0899 42.0 141.5 220 281
0852 96.5 180.0 151 224
0909 20.5 165.0 175 244
0909 420.0 163.0 164 232
0902 25.5 157.0 191 260
0866 123.0 146.0 198 278
0935 309.5 130.0 219 300
0921 37.0 154.5 182 265
0878 99.5 112.0 179 316
0878 298.5 141.0 71 212
0889 139.0 71.5 240 355
0916 20.0 166.0 198 248
0916 408.5 166.5 187 245
0875 137.5 147.5 191 279
0926 29.0 153.5 220 269
0926 443.0 213.0 172 204
0894 124.5 137.0 195 278
0901 30.5 144.5 193 275
0914 16.5 165.0 197 246
0885 164.5 134.0 201 296
0904 12.0 163.5 192 249
0849 61.5 206.5 179 191
0849 473.5 202.5 105 197
0932 114.0 156.0 244 252
0855 75.0 190.0 198 216
0855 365.0 140.0 172 266
0857 79.5 183.0 201 230
0857 375.5 146.0 159 266
0879 117.0 132.0 184 290
0847 17.0 214.5 224 185
0847 473.5 205.5 111 191
0918 28.0 162.5 188 253
0928 43.0 159.5 324 243
0881 132.0 117.0 190 318
0851 83.0 200.0 154 196
0851 391.0 183.0 178 198
0873 124.0 144.0 184 274
0906 15.0 171.5 188 239
0913 15.5 169.5 195 241
0898 45.0 146.0 226 272
0898 392.0 131.0 250 212
0883 150.5 146.5 215 281
0871 102.5 147.0 177 280
0871 286.0 131.0 138 282
0917 22.0 163.0 200 254
0917 410.5 156.0 203 264
0893 136.5 133.0 205 290
0886 164.5 131.5 191 293
