0056 504.0 208.0 94 184
0026 76.0 143.0 184 280
0026 407.5 140.0 193 284
0048 489.5 143.0 151 284
0075 367.5 168.5 189 231
0081 321.5 199.0 165 204
0033 34.5 148.0 257 274
0033 429.5 131.5 189 293
0066 83.5 224.0 115 168
0066 381.0 208.5 154 181
0061 470.0 232.5 120 153
0061 56.5 246.5 75 141
0023 94.5 141.0 173 284
0023 378.0 142.0 212 286
0046 478.5 141.0 161 290
0035 47.5 139.0 175 280
0035 412.0 125.5 134 293
0030 423.0 136.5 202 297
0030 50.0 145.5 222 269
0078 191.5 105.5 137 217
0065 90.5 223.0 95 166
0062 424.0 270.0 160 104
0070 404.0 201.0 190 196
0070 102.0 206.5 164 197
0022 374.0 140.0 216 286
0022 93.0 138.5 176 285
0071 414.0 181.0 176 218
0038 94.5 137.5 169 285
0045 459.0 152.0 178 296
0045 16.5 200.0 189 204
0076 216.0 162.5 140 215
0059 491.5 226.0 109 166
0047 487.0 139.5 152 287
0050 561.0 177.0 76 250
0042 340.5 180.5 243 249
0021 376.0 134.5 182 289
0021 94.5 139.0 183 286
0029 418.5 134.5 195 295
0029 53.5 147.5 213 265
0020 90.0 144.5 184 275
0020 370.0 123.0 178 300
0036 55.0 143.5 202 275
0036 377.0 54.0 142 382
0032 48.0 141.0 174 280
0032 431.5 135.0 185 290
0025 397.5 142.0 211 276
0025 79.5 147.5 187 277
0024 85.5 140.0 185 280
0024 390.0 143.0 218 278
0053 528.0 202.5 112 197
0068 388.5 204.0 155 194
0068 128.0 207.5 102 187
0039 24.5 153.5 205 235
0039 192.0 181.5 264 241
0069 395.5 204.5 169 191
0069 93.5 212.5 153 181
0043 388.0 185.5 222 251
0031 45.5 151.5 225 267
0031 427.5 131.5 193 297
0057 501.0 224.5 98 169
0064 61.0 231.0 110 156
0064 436.5 285.5 105 103
0037 69.0 138.5 194 277
0037 315.0 57.0 182 382
0027 63.0 147.0 204 276
0027 408.5 137.5 203 283
0054 523.5 211.5 107 185
0073 393.5 172.5 169 233
0060 451.5 246.0 153 142
0060 51.5 255.5 79 135
0044 423.0 185.0 200 256
0044 11.5 151.0 197 200
0034 417.0 123.0 210 316
0034 44.5 143.0 225 272
0072 408.5 178.0 187 224
0077 184.0 109.5 170 255
0058 504.5 248.5 93 143
0040 234.0 177.5 268 247
0028 61.5 144.5 221 279
0028 414.5 137.0 207 290
0049 515.0 168.0 128 264
0079 267.5 172.0 207 228
0074 378.0 168.5 182 237
0067 365.5 207.5 169 185
0067 100.0 220.5 118 171
0067 268.5 229.0 61 74
0063 416.5 248.5 163 135
0063 62.0 229.5 94 159
0041 39.0 119.5 172 215
0041 269.0 181.0 284 246
0052 536.0 192.5 102 217
0085 372.0 145.5 134 269
0142 76.5 234.0 115 166
0142 412.0 186.0 188 234
0102 122.0 226.5 174 193
0102 388.5 194.5 179 217
0136 405.5 182.0 205 240
0148 118.0 240.5 118 171
0148 351.0 205.5 200 203
0098 347.0 152.5 220 269
0139 426.0 148.0 180 278
0131 405.0 191.0 202 226
0133 418.0 150.0 178 276
0215 87.0 142.5 166 279
0215 406.0 139.5 208 277
0113 146.5 150.0 149 272
0113 314.0 154.5 86 273
0103 387.0 180.5 168 237
0103 141.0 226.5 120 191
0201 103.0 137.0 198 282
0201 371.5 129.0 185 296
0115 277.0 149.5 220 269
0091 437.0 156.5 166 267
0150 289.5 48.5 231 365
0150 145.0 207.0 148 204
0217 81.5 137.0 173 288
0217 433.0 132.0 84 302
0138 116.0 233.5 96 175
0138 419.5 150.0 187 276
0208 335.0 140.0 168 286
0086 388.5 141.5 155 275
0140 35.5 228.5 165 171
0140 424.5 147.0 179 274
0106 390.5 151.0 159 264
0203 92.0 133.5 194 287
0203 370.5 138.0 167 282
0096 340.5 145.5 225 279
0135 410.5 178.5 189 243
0094 284.5 164.0 285 248
0214 397.0 147.0 216 270
0214 92.5 141.5 153 281
0225 364.5 188.0 225 248
0128 354.0 212.0 220 180
0112 274.5 142.0 185 282
0092 411.0 158.0 198 264
0222 48.0 124.5 178 235
0222 243.0 146.5 342 279
0116 313.0 143.5 210 277
0097 341.5 155.0 229 262
0101 120.0 222.5 214 197
0101 407.0 184.0 188 234
0117 0.0 70.5 164 271
0117 364.0 141.5 180 273
0124 455.5 199.0 155 200
0200 97.0 136.5 182 287
0200 368.0 128.5 184 291
0132 414.5 178.5 189 243
0151 150.5 199.0 165 222
0151 285.0 35.0 248 362
0134 412.5 151.0 185 276
0212 81.5 140.0 167 288
0212 404.0 136.0 192 278
0108 127.5 212.5 163 209
0130 392.0 186.0 172 226
0223 280.0 180.5 270 241
0209 74.5 148.0 195 274
0209 367.0 136.5 140 285
0147 367.5 277.0 185 140
0204 108.5 140.0 191 280
0204 342.0 133.0 178 284
0121 485.5 151.5 135 261
0121 30.5 145.0 171 210
0213 90.0 142.0 160 280
0213 398.5 140.0 211 278
0153 109.5 51.0 427 372
0219 270.0 70.5 218 353
0210 64.0 144.5 296 287
0210 392.5 132.0 137 286
0137 405.5 153.5 205 271
0090 446.5 135.5 151 283
0206 253.5 140.0 231 282
0141 427.0 148.5 170 279
0141 84.5 232.5 115 171
0144 58.0 226.0 210 176
0144 427.0 168.5 162 241
0211 75.5 145.5 187 285
0211 396.5 139.0 149 276
0119 446.5 155.5 135 263
0118 -0.5 71.0 157 260
0118 441.5 144.5 125 277
0088 426.0 137.5 154 279
0084 364.5 152.0 143 262
0099 401.0 181.0 196 236
0099 145.0 231.0 124 182
0143 399.5 194.5 201 221
0143 49.5 231.5 261 169
0221 45.0 148.0 192 238
0093 384.0 150.0 200 270
0216 416.0 138.5 196 277
0216 81.5 141.5 167 281
0087 395.0 142.5 160 279
0114 248.5 154.0 231 266
0083 358.5 200.5 149 205
0127 392.5 209.0 209 180
0111 115.5 147.5 195 273
0202 108.0 138.0 190 284
0202 365.5 136.0 197 292
0123 3.0 266.5 168 141
0105 391.0 153.5 158 265
0224 316.0 185.5 244 239
0089 -8.5 195.0 255 188
0100 134.0 231.0 166 184
0129 376.5 194.0 171 210
0109 120.0 200.5 178 227
0109 353.0 170.5 214 227
0220 246.0 136.0 244 288
0220 73.0 172.5 176 253
0095 299.5 157.5 261 265
0126 419.5 179.0 173 220
0146 372.5 216.0 185 196
0146 80.5 228.0 119 190
0107 395.5 143.5 155 273
0110 86.5 152.0 205 276
0110 285.5 210.0 255 186
0104 389.5 159.0 153 256
0205 115.0 142.0 186 286
0205 375.5 195.5 93 219
0145 52.5 210.0 153 202
0145 397.5 183.0 149 262
0307 99.0 192.5 170 229
0334 101.0 180.0 176 240
0334 380.0 211.0 158 206
0327 354.0 155.0 196 262
0320 221.5 55.0 205 208
0320 436.0 196.5 170 235
0330 327.0 132.0 198 294
0336 110.0 156.5 202 265
0336 398.0 150.5 232 189
0349 197.0 134.5 224 201
0338 367.5 37.5 139 333
0338 127.5 145.5 185 279
0270 424.5 194.5 193 215
0280 453.5 192.5 153 217
0280 19.0 241.5 134 159
0352 131.5 75.0 389 396
0289 85.0 171.5 144 239
0289 339.0 202.5 222 215
0296 101.0 154.5 160 265
0296 437.5 172.5 191 161
0285 40.5 173.0 135 236
0285 341.5 200.5 235 195
0247 63.0 229.0 100 158
0247 410.0 220.5 156 171
0353 183.5 53.5 249 391
0276 394.5 162.0 209 242
0333 100.5 203.0 175 214
0333 359.5 228.0 159 188
0308 109.5 189.0 191 238
0308 282.0 275.5 172 127
0303 55.0 210.0 198 202
0321 218.5 74.5 189 237
0292 89.5 166.0 153 246
0245 66.0 232.0 80 154
0245 463.0 228.0 120 156
0249 84.5 225.5 107 159
0268 464.5 164.5 137 245
0318 362.0 226.0 226 190
0244 58.5 248.5 69 139
0244 456.0 255.5 150 133
0284 38.0 169.0 132 244
0284 384.0 178.5 200 223
0311 102.5 181.5 209 245
0257 276.0 195.0 172 210
0257 131.5 205.0 111 194
0316 311.5 227.5 231 181
0316 190.0 43.0 174 228
0340 150.5 59.5 261 363
0226 407.5 175.5 217 263
0226 17.5 138.5 195 205
0229 485.0 175.0 156 256
0302 201.0 216.5 260 195
0302 53.5 242.5 167 165
0346 169.5 4.0 215 406
0232 552.5 170.0 87 270
0256 185.5 206.0 159 188
0275 387.0 161.0 166 256
0267 455.0 149.5 142 267
0288 76.5 169.5 159 237
0288 348.0 173.5 202 233
0332 325.0 249.5 218 175
0332 109.5 217.0 193 198
0317 318.0 224.0 274 200
0300 120.0 151.0 176 268
0300 286.0 67.0 260 280
0347 168.0 15.5 232 305
0310 101.0 201.0 212 222
0329 336.0 132.0 188 294
0329 231.0 246.0 94 156
0301 186.0 178.5 284 189
0230 492.0 176.5 140 263
0304 73.0 186.0 200 236
0342 163.5 153.0 283 264
0306 79.5 191.5 203 231
0315 163.5 62.5 189 271
0252 346.5 225.0 159 156
0252 125.0 206.0 106 186
0293 93.5 161.5 149 253
0253 121.0 213.0 164 174
0253 383.0 213.5 92 177
0344 178.0 68.5 266 351
0236 521.5 204.5 105 197
0236 22.5 292.0 177 118
0255 164.0 209.0 186 180
0255 366.0 223.0 90 168
0254 130.0 212.5 190 177
0274 362.0 176.5 180 229
0294 93.5 164.0 159 250
0294 414.0 216.5 164 187
0331 304.0 160.0 212 260
0305 80.5 184.5 191 233
0281 31.0 217.5 114 185
0281 454.0 194.5 154 213
0312 97.5 203.0 207 214
0250 110.0 215.5 94 177
0250 369.5 229.0 163 162
0309 104.5 195.0 201 230
0273 327.0 204.5 250 193
0341 170.5 137.0 187 282
0283 41.5 173.5 131 237
0298 108.5 155.5 161 261
0298 413.0 80.5 182 265
0322 219.0 132.5 190 235
0322 401.5 258.0 169 162
0269 452.5 178.5 153 225
0314 150.0 101.5 156 301
0278 429.0 150.0 156 274
0343 179.5 113.5 267 311
0243 43.5 255.0 89 132
0243 473.0 223.5 118 169
0259 305.5 181.5 165 235
0227 455.0 188.5 180 245
0272 362.0 213.0 222 180
0246 58.0 229.0 96 156
0246 415.0 233.5 176 147
0325 339.0 163.0 184 272
0299 318.5 57.5 217 305
0299 110.5 153.0 189 264
0282 40.0 189.5 130 223
0282 441.0 166.0 160 242
0324 358.0 183.5 192 237
0290 85.0 165.5 152 247
0290 346.5 227.0 215 186
0345 162.5 36.0 237 390
0291 88.0 167.5 150 247
0291 366.0 267.5 204 143
0248 87.0 225.5 88 159
0248 406.0 228.5 150 167
0350 213.0 133.5 198 281
0350 394.0 84.5 172 149
0258 291.5 191.5 173 217
0326 357.0 160.5 162 257
0228 467.0 179.5 164 263
0264 420.5 155.5 165 259
0295 98.0 160.0 166 258
0231 495.5 179.5 145 253
0323 374.0 247.5 200 179
0323 212.5 175.0 187 252
0339 268.5 37.0 223 344
0328 355.0 151.5 162 267
0277 413.0 160.0 184 256
0355 227.5 116.5 279 321
0271 409.5 193.0 203 216
0319 438.5 192.5 177 245
0319 205.5 41.0 223 192
0286 340.5 196.0 223 208
0286 53.0 173.0 134 236
0335 108.0 164.0 198 254
0337 122.0 149.5 186 273
0337 383.0 102.5 174 253
0297 111.0 154.5 152 265
0297 422.5 138.5 193 205
0251 109.5 218.0 109 172
0251 323.5 221.0 213 168
0235 545.5 181.0 95 248
0313 111.0 168.5 186 247
0354 195.5 59.5 243 377
0287 332.0 193.5 206 215
0287 62.0 173.0 148 236
0240 510.0 281.5 92 111
