0023 401.0 143.0 196 286
0059 45.5 196.5 263 235
0059 380.0 119.5 170 293
0067 25.0 189.0 282 236
0067 406.0 127.5 206 299
0057 93.5 216.0 273 216
0057 381.5 121.5 133 299
0017 253.0 175.5 302 251
0036 417.5 106.0 209 338
0046 103.0 212.5 198 199
0046 346.5 145.5 175 273
0010 366.5 134.5 209 287
0010 50.5 126.0 251 320
0044 340.5 139.5 243 279
0044 75.5 227.0 265 178
0038 59.5 245.5 107 163
0038 411.5 129.0 215 302
0038 152.0 278.0 72 130
0054 165.5 199.5 143 227
0054 278.0 131.0 210 288
0024 407.5 138.0 155 286
0006 57.0 133.0 252 300
0006 349.0 154.5 212 261
0002 141.0 158.5 132 279
0002 359.5 120.5 205 303
0060 40.0 194.5 260 237
0060 370.0 119.0 188 294
0020 357.0 172.5 208 267
0065 404.5 139.5 205 283
0065 27.5 196.5 269 241
0028 483.5 127.0 151 316
0033 422.5 132.0 211 302
0051 146.0 210.0 138 212
0051 345.0 132.0 136 284
0048 108.0 194.0 148 234
0048 359.0 138.0 138 284
0058 382.5 117.0 143 298
0058 51.0 203.5 262 225
0031 429.0 126.0 212 316
0037 407.5 128.5 221 307
0014 160.0 116.5 306 303
0041 60.5 170.5 137 237
0041 416.0 146.5 204 275
0064 27.0 198.5 278 237
0064 397.5 140.5 215 283
0069 37.0 194.0 252 218
0069 398.5 176.0 217 248
0005 73.0 139.5 198 295
0005 353.0 151.5 202 267
0053 169.0 203.5 134 225
0053 283.0 126.0 198 298
0008 54.0 134.0 242 300
0008 359.5 136.0 199 284
0061 379.5 121.5 179 299
0061 31.5 192.0 253 240
0007 50.5 132.5 239 305
0007 351.5 143.5 205 275
0027 484.5 137.5 141 297
0050 369.5 127.0 129 294
0050 138.0 214.0 130 208
0034 429.0 132.0 206 300
0016 222.0 154.0 306 262
0066 412.0 117.0 200 308
0066 31.0 191.0 266 242
0066 276.5 207.0 25 42
0029 476.0 116.5 168 327
0039 404.0 134.5 220 291
0039 106.0 218.0 110 198
0047 360.0 145.0 144 268
0047 102.5 201.0 155 222
0003 142.0 164.0 160 276
0003 356.5 125.0 209 298
0013 95.5 121.5 239 313
0070 88.0 190.0 274 220
0070 346.0 192.5 242 225
0022 384.0 157.5 190 283
0032 434.5 138.5 201 291
0035 433.0 125.0 200 314
0035 47.0 331.5 226 99
0063 392.5 144.0 217 270
0063 33.0 202.0 250 232
0049 125.0 197.0 132 236
0049 371.5 139.5 129 273
0055 168.0 220.0 202 216
0026 421.5 131.5 181 297
0043 349.0 142.0 242 276
0043 93.5 228.0 115 182
0071 163.5 200.5 189 211
0071 320.5 213.0 207 218
0052 263.5 124.5 217 305
0004 100.5 142.5 223 297
0004 343.5 139.0 221 282
0042 393.5 144.0 215 276
0019 347.0 190.5 232 247
0062 365.5 131.0 213 286
0062 34.0 201.0 252 228
0040 409.0 139.0 210 286
0040 84.0 180.0 108 216
0056 131.0 224.0 248 206
0009 48.0 130.0 240 312
0009 365.0 135.5 204 285
0068 26.5 187.5 305 235
0068 408.5 160.0 197 258
0025 403.0 117.5 190 309
0045 89.5 223.0 243 182
0045 354.5 181.0 187 240
0015 210.0 133.5 296 281
0015 2.0 175.5 228 197
0012 313.5 85.0 141 304
0012 86.5 132.0 193 302
0030 466.0 124.5 170 311
0018 318.5 169.5 229 269
0011 53.0 134.0 236 310
0011 372.0 121.0 120 310
0138 278.0 159.5 188 261
0163 142.0 226.5 118 183
0113 407.5 239.5 189 139
0113 46.5 222.5 115 169
0151 316.5 191.5 235 239
0106 524.5 232.5 97 169
0106 81.0 252.5 74 143
0139 266.5 199.5 197 213
0079 112.5 110.5 243 319
0117 375.5 238.0 117 156
0118 370.5 234.0 107 150
0118 121.0 228.0 176 152
0159 347.0 192.5 216 231
0159 157.0 199.5 114 203
0142 248.5 208.0 257 212
0133 292.0 152.5 172 259
0121 197.5 220.0 241 168
0086 379.0 265.0 258 188
0103 84.5 260.0 101 138
0103 569.0 269.5 70 137
0109 516.0 221.0 80 170
0109 81.0 238.5 68 157
0145 335.5 199.5 187 219
0110 491.0 219.0 112 172
0110 75.5 231.0 77 158
0144 122.0 213.0 410 216
0162 340.5 189.0 225 236
0162 120.5 211.0 173 190
0104 531.5 266.0 105 122
0104 88.5 275.5 85 123
0136 265.5 154.5 217 267
0123 274.0 206.0 196 190
0108 81.0 228.5 72 163
0108 519.5 223.5 79 167
0078 135.5 73.0 265 348
0164 289.0 191.5 182 235
0164 127.5 227.0 123 178
0168 220.0 188.0 192 228
0129 231.5 152.0 203 258
0141 308.5 211.0 197 202
0157 303.0 195.5 266 235
0116 399.5 230.0 121 160
0116 88.0 236.5 154 143
0074 177.5 120.0 295 298
0170 216.5 261.0 239 158
0169 204.5 168.5 209 233
0135 282.0 156.0 190 264
0107 82.0 244.5 66 147
0107 518.5 222.5 81 171
0158 299.0 171.0 266 262
0158 164.5 216.5 129 187
0140 256.0 216.0 238 198
0124 265.5 207.5 217 187
0081 59.0 202.0 150 202
0147 327.5 194.0 199 230
0149 334.5 175.0 241 258
0115 394.5 231.0 157 154
0115 102.0 253.0 74 140
0167 139.5 202.0 163 210
0073 143.5 212.5 165 193
0148 312.5 189.5 239 239
0155 297.5 198.5 271 237
0119 334.0 234.0 162 152
0102 86.0 272.5 112 129
0101 74.0 274.0 124 128
0082 32.0 182.0 204 174
0082 249.5 83.0 239 306
0131 264.5 142.0 191 264
0154 313.5 191.0 243 244
0080 81.5 77.5 359 329
0076 183.0 45.5 278 383
0146 326.5 197.0 195 220
0165 179.0 212.0 274 204
0128 233.0 137.5 186 283
0075 229.5 75.0 253 344
0134 319.0 163.5 164 239
0077 130.0 51.0 366 364
0161 301.5 193.5 259 231
0130 236.5 149.5 193 257
0105 83.0 259.0 86 136
0105 523.5 255.5 111 141
0127 257.5 160.0 203 252
0166 238.0 205.0 176 192
0150 331.5 188.0 243 246
0143 317.0 204.5 204 209
0132 258.0 157.5 210 245
0112 431.5 235.5 165 141
0112 65.5 232.0 91 156
0160 120.5 172.0 137 236
0160 314.5 195.5 241 231
0125 227.5 212.0 265 186
0156 332.5 187.5 243 241
0122 224.0 209.5 182 195
0111 453.0 236.5 154 141
0111 71.0 248.0 80 142
0114 411.5 246.5 175 131
0114 46.5 228.5 119 159
0085 383.0 250.5 258 197
0137 283.0 155.5 190 267
0137 212.5 287.5 81 133
0126 276.5 176.5 197 225
0236 336.0 148.5 230 277
0236 68.5 138.0 175 264
0239 305.0 187.0 254 246
0239 78.0 141.5 184 267
0241 293.5 190.0 273 240
0241 70.5 137.0 203 270
0300 344.5 148.0 221 272
0300 139.0 163.0 130 272
0290 350.5 147.5 197 275
0249 289.0 193.0 252 224
0249 72.5 176.5 183 249
0254 146.0 148.0 144 286
0254 367.5 190.5 189 229
0248 292.5 187.5 227 231
0248 61.5 189.5 157 239
0283 428.0 132.5 184 289
0283 2.5 162.0 215 210
0272 9.0 107.0 228 274
0272 296.5 149.0 209 278
0256 379.0 195.0 156 222
0256 144.5 157.0 139 286
0232 354.0 100.5 232 341
0232 67.0 132.5 196 271
0299 369.0 147.5 200 275
0299 137.5 163.0 129 276
0288 330.5 162.5 275 241
0253 381.0 191.0 172 228
0253 136.5 146.5 149 285
0298 381.5 133.0 189 290
0298 121.0 206.5 138 231
0237 313.5 174.0 233 260
0237 80.0 145.5 172 265
0260 99.5 149.0 217 282
0260 309.0 201.0 246 216
0267 46.5 126.0 249 320
0267 321.5 211.5 173 203
0261 74.0 147.0 210 280
0261 305.5 184.5 247 239
0244 293.0 190.0 222 236
0244 78.5 146.0 221 274
0284 426.0 143.0 180 278
0302 303.0 129.0 228 294
0302 120.0 154.5 208 259
0235 346.0 128.0 220 306
0235 67.5 134.0 175 268
0266 50.5 135.5 245 301
0266 339.0 185.0 174 236
0280 416.5 124.5 195 299
0294 384.5 141.0 189 286
0294 141.5 242.5 79 189
0242 294.0 188.0 260 236
0242 71.5 143.0 211 264
0252 378.5 188.5 179 229
0252 124.5 151.5 167 271
0281 426.0 128.0 190 290
0281 0.5 95.5 239 235
0259 136.5 149.5 177 283
0259 299.0 193.5 248 223
0297 381.5 133.5 195 289
0297 129.5 219.0 149 202
0240 301.5 191.0 259 238
0240 77.0 145.0 182 264
0291 357.0 148.5 202 273
0291 84.5 286.5 41 67
0268 305.0 222.5 164 191
0268 54.0 137.0 228 298
0270 220.0 179.5 214 251
0276 3.0 82.0 268 244
0276 331.0 148.5 244 281
0271 42.5 126.0 183 304
0287 355.0 162.5 248 241
0273 260.5 141.0 249 286
0273 25.0 120.0 220 252
0243 308.5 188.0 209 238
0231 362.5 116.0 203 318
0231 56.5 140.0 211 266
0274 24.0 105.5 232 253
0274 311.5 153.5 225 273
0275 19.5 78.5 269 251
0275 267.0 143.5 72 135
0282 432.0 134.5 182 279
0282 2.0 128.0 238 218
0277 352.5 142.0 249 288
0233 66.5 125.0 197 276
0233 357.0 107.0 222 334
0246 309.0 196.5 154 223
0246 138.0 163.0 188 274
0255 142.5 160.0 139 278
0255 354.5 193.5 205 225
0234 345.0 118.0 230 320
0234 71.5 130.5 179 271
0293 371.5 143.0 203 278
0293 116.5 266.0 79 154
0295 391.5 141.5 181 281
0295 146.0 249.5 128 179
0289 296.0 162.5 276 251
0279 385.0 138.0 228 288
0258 306.0 192.0 228 226
0258 156.0 151.5 142 277
0296 386.0 137.5 194 285
0296 115.0 218.5 146 211
0251 106.0 151.0 144 278
0251 375.0 188.0 170 234
0269 73.0 144.5 208 289
0269 288.0 205.5 150 215
0262 65.0 141.0 212 286
0230 361.5 113.5 191 315
0230 53.5 144.5 217 267
0292 362.5 148.5 199 271
0286 400.5 156.0 207 254
0301 310.0 146.5 244 279
0301 94.0 157.0 192 268
0245 313.0 192.5 194 225
0245 104.0 152.5 218 271
0257 348.5 201.0 167 218
0257 149.5 155.5 131 289
0263 56.5 135.0 229 294
0263 362.5 186.0 187 228
0265 52.0 133.0 254 304
0265 365.0 186.0 178 230
0285 420.0 152.0 194 268
0264 48.5 130.0 253 298
0264 358.5 184.0 187 234
0250 294.5 196.5 259 221
0250 88.5 163.0 157 274
0247 72.5 177.0 163 248
0238 303.0 195.5 246 235
0238 82.5 147.0 159 262
0374 482.0 127.5 158 299
0427 138.0 150.5 284 269
0327 301.0 197.5 216 219
0327 104.5 188.5 153 237
0354 158.0 163.0 136 274
0354 339.0 102.5 174 325
0352 175.0 153.5 124 273
0352 343.0 110.5 186 313
0340 218.5 150.5 181 277
0391 427.0 201.0 188 200
0409 203.5 169.0 225 238
0334 351.5 136.5 205 285
0334 152.5 161.5 143 275
0307 240.0 145.0 240 288
0424 169.5 147.0 185 268
0321 175.5 142.5 159 277
0325 278.5 201.5 203 217
0325 83.0 186.5 162 233
0376 560.5 146.5 77 245
0328 317.0 191.5 220 225
0328 110.0 195.5 158 229
0309 154.0 212.5 340 207
0432 318.5 148.5 173 271
0432 152.0 143.0 150 286
0360 72.5 158.0 187 224
0360 326.0 140.5 156 267
0361 83.0 136.0 208 214
0390 440.5 201.0 173 200
0381 489.5 165.0 137 250
0316 280.0 141.0 174 280
0316 93.0 149.0 176 268
0398 22.0 258.5 116 135
0398 345.5 201.0 163 200
0393 407.0 201.0 196 200
0393 2.0 252.5 152 139
0357 159.0 143.5 226 285
0425 278.0 151.5 156 259
0366 357.5 188.0 201 244
0310 213.5 246.5 289 181
0375 499.5 128.0 139 302
0395 341.5 205.5 241 189
0428 189.5 159.5 243 255
0356 298.5 59.5 143 369
0356 181.0 173.5 142 259
0368 415.0 171.0 188 256
0368 -7.0 146.0 268 206
0416 134.0 153.5 266 267
0369 432.0 150.0 180 278
0377 553.0 166.0 88 242
0413 130.5 156.5 287 265
0343 245.0 140.0 228 292
0421 153.5 145.0 211 276
0396 346.0 194.5 222 209
0396 4.5 283.5 101 113
0386 462.5 202.0 145 202
0394 357.5 205.0 229 190
0394 1.5 251.5 107 143
0400 330.0 198.5 186 205
0400 43.5 209.5 125 193
0384 480.5 198.0 141 210
0329 116.5 155.5 177 261
0329 323.5 191.0 209 226
0370 444.5 156.0 181 260
0351 349.0 118.0 202 304
0351 181.5 144.5 143 283
0314 288.0 149.0 156 270
0348 374.0 129.5 174 287
0348 199.5 151.0 129 270
0337 82.0 150.0 248 280
0337 360.5 132.5 195 287
0402 293.5 168.5 247 233
0350 355.0 119.0 194 296
0350 178.5 149.5 121 281
0317 80.0 142.0 190 282
0317 300.0 132.0 146 292
0422 167.5 143.0 177 272
0419 267.0 168.5 176 243
0331 157.5 156.0 135 268
0331 312.5 140.0 239 278
0404 261.0 178.5 238 215
0404 109.5 200.0 95 212
0326 295.0 198.5 216 221
0326 98.5 178.5 151 245
0320 287.5 61.0 177 378
0320 124.5 121.0 165 298
0319 113.0 135.0 180 282
0319 287.0 59.5 170 379
0362 72.0 118.5 308 225
0405 274.0 166.5 172 241
0405 120.5 189.5 131 227
0401 304.0 198.0 238 208
0401 58.0 191.5 140 221
0378 535.0 170.5 102 239
0335 357.5 138.0 189 282
0335 154.5 155.0 135 272
0342 266.0 177.5 172 251
0311 134.5 135.5 295 301
0333 327.0 136.0 216 286
0333 163.0 163.0 138 274
0389 45.5 306.5 181 83
0389 455.5 191.5 155 219
0338 189.5 151.5 165 301
0338 363.0 146.0 170 262
0385 459.0 196.0 154 210
0383 469.5 185.5 157 229
0344 233.5 171.0 157 260
0344 395.5 148.5 157 277
0431 126.5 140.0 171 296
0431 261.5 143.5 227 277
0303 301.0 131.5 216 293
0414 130.5 205.5 271 211
0418 117.5 158.0 293 264
0330 332.5 144.0 205 276
0330 140.0 166.5 150 267
0341 259.0 144.0 218 276
0318 97.5 140.0 235 284
0306 254.0 133.0 218 312
0323 194.0 146.5 150 287
0423 170.5 146.5 175 267
0372 482.5 166.0 153 268
0322 192.5 137.5 145 289
0410 155.0 174.5 302 227
0380 510.5 184.0 133 230
0304 172.0 134.0 198 282
0429 157.0 144.0 236 278
0346 212.5 150.0 147 276
0346 385.0 139.5 170 279
0346 199.0 174.5 64 71
0358 115.5 120.5 311 313
0411 195.5 170.0 271 234
0363 75.5 118.0 197 188
0345 227.5 153.0 161 272
0345 403.0 148.0 162 276
0426 237.0 182.0 184 234
0397 345.0 203.5 212 195
0382 483.0 183.5 140 233
0379 516.5 169.5 121 239
0433 316.5 262.5 167 155
0433 152.0 147.5 166 281
0315 116.5 145.5 185 265
0347 198.0 154.0 132 270
0347 380.0 140.0 170 278
0392 414.0 204.5 198 201
0392 16.0 244.0 180 144
0417 114.0 152.0 296 272
0420 267.0 157.0 184 258
0371 464.0 166.5 172 265
0353 342.5 116.5 183 305
0353 168.5 154.5 125 273
0367 7.0 108.5 250 209
0367 400.0 179.5 198 251
0313 196.5 139.5 163 289
0403 281.0 168.5 236 225
0403 99.5 190.5 141 223
0407 255.5 167.5 187 239
0407 153.5 177.5 123 243
0365 57.0 86.0 206 224
0365 305.5 192.0 241 220
0387 452.0 201.0 156 200
0406 251.5 162.0 163 250
0406 138.5 165.0 133 252
0355 167.0 164.5 130 267
0355 348.5 90.5 125 345
0349 374.0 123.5 170 293
0408 238.5 157.0 187 254
0388 452.5 202.5 161 197
0430 245.5 133.5 243 289
0412 152.5 160.5 313 257
0359 75.0 150.5 178 245
0359 293.0 128.0 158 286
0415 107.5 159.0 207 256
0308 112.5 119.5 399 319
0336 362.5 131.5 191 287
0336 133.0 149.0 168 282
0364 66.5 94.0 205 206
0364 263.0 200.5 248 205
0339 176.5 156.5 177 295
0339 368.5 144.0 157 264
0324 107.0 177.5 144 247
0324 259.0 200.5 204 227
0332 322.5 133.5 217 285
0332 157.0 152.5 146 275
0399 326.5 201.0 167 202
0399 27.5 218.5 119 181
0312 151.0 133.5 222 297
0504 92.5 208.5 257 221
0440 245.5 155.5 279 259
0440 17.5 148.0 185 274
0489 353.5 189.0 135 202
0489 182.0 218.5 150 239
0461 240.0 131.5 268 287
0437 225.5 184.5 209 245
0484 354.0 20.5 132 275
0479 349.5 19.5 137 215
0472 226.5 144.5 283 279
0436 221.0 185.0 206 240
0488 348.5 144.0 155 116
0488 185.0 202.5 98 243
0500 149.5 290.0 167 126
0519 495.0 213.0 112 186
0442 283.5 155.5 277 263
0442 19.5 145.5 203 279
0510 368.5 210.5 267 221
0510 47.5 251.0 121 154
0465 236.5 139.0 269 288
0529 351.0 207.5 210 185
0529 80.0 213.0 204 176
0454 23.0 140.5 208 289
0454 413.5 127.0 187 288
0468 314.0 140.0 204 290
0467 332.0 144.0 198 284
0457 170.5 157.0 225 258
0462 212.0 179.5 204 251
0450 93.5 156.5 137 287
0450 397.0 120.0 212 312
0445 355.5 151.0 245 268
0445 54.0 142.5 166 289
0451 90.5 152.0 143 278
0451 411.5 120.0 193 306
0475 257.0 186.5 234 235
0475 204.0 252.5 62 173
0441 288.0 153.0 256 262
0441 23.5 146.0 187 280
0483 90.5 207.5 237 201
0507 270.5 277.5 281 157
0518 480.0 212.5 140 199
0453 57.0 154.0 200 272
0453 419.0 113.5 182 313
0469 327.5 136.0 183 290
0497 380.0 242.5 90 157
0497 152.5 284.5 103 139
0444 345.5 144.0 255 278
0444 40.5 138.0 187 290
0478 353.5 12.5 133 227
0478 167.5 177.0 131 252
0480 188.0 264.0 130 154
0456 335.0 127.5 240 291
0456 150.5 148.5 163 277
0509 348.5 230.0 253 184
0471 317.0 142.0 188 286
0511 15.0 207.0 184 202
0495 355.0 195.0 148 228
0527 408.5 195.5 179 187
0527 60.5 211.5 149 191
0434 196.5 171.0 251 270
0438 114.5 145.5 191 283
0522 8.0 211.5 198 179
0522 491.5 207.0 113 190
0498 237.0 297.0 166 118
0498 153.5 284.0 101 140
0473 308.5 182.5 201 241
0526 441.5 221.5 155 167
0447 82.5 146.0 163 288
0447 368.5 145.0 235 278
0459 223.5 188.5 195 229
0520 499.0 216.5 104 181
0520 63.0 225.0 94 166
0463 228.5 134.0 283 298
0464 323.5 136.0 193 286
0512 512.0 180.5 128 253
0512 31.0 191.5 172 223
0525 467.0 206.0 126 192
0525 12.0 213.5 186 177
0513 56.5 173.0 135 238
0482 353.5 37.0 123 168
0455 23.0 136.5 218 295
0455 380.5 123.5 201 295
0490 184.5 250.5 189 191
0490 357.5 223.0 113 200
0514 554.5 234.0 83 214
0460 310.5 118.0 219 304
0515 66.0 190.0 128 222
0515 546.5 278.0 95 166
0523 9.0 211.0 192 182
0523 488.5 207.0 117 190
0517 491.5 264.5 151 147
0470 318.5 143.0 193 282
0496 144.0 280.5 252 147
0439 238.5 159.0 257 262
0439 32.5 149.5 207 275
0435 280.5 206.0 157 206
0448 93.0 151.0 134 278
0448 400.0 149.5 208 269
0458 232.5 157.5 173 253
0449 94.0 157.5 142 283
0449 404.5 124.5 211 307
0476 243.0 130.5 256 289
0499 160.0 294.0 224 122
0506 58.5 202.0 163 214
0466 321.0 144.5 210 281
0466 203.5 175.5 143 255
0446 359.5 150.0 243 270
0446 68.5 146.0 145 288
0516 517.0 265.5 124 153
0452 77.0 165.0 182 270
0452 431.5 121.5 169 305
0508 338.5 291.5 269 115
0443 315.5 149.5 271 271
0443 30.5 141.0 197 284
0477 376.5 71.0 121 176
0524 11.0 210.0 196 186
0474 201.0 256.5 98 171
0474 326.5 187.5 177 235
0485 373.0 49.5 102 241
0521 498.5 207.5 103 195
0521 44.5 216.5 121 179
0528 369.0 212.5 208 173
0528 69.0 218.5 182 165
0537 200.5 188.5 243 221
0534 263.5 195.5 143 211
0538 186.0 173.0 184 234
0532 218.0 200.5 300 201
0531 208.5 206.5 317 193
0536 217.0 198.5 222 213
0535 260.5 195.5 149 215
0530 318.5 219.0 211 176
0530 126.5 213.5 189 187
0539 257.5 97.5 221 363
0533 354.0 196.5 106 207
