0033 525.5 130.0 115 298
0074 162.5 183.0 227 218
0050 223.5 154.5 181 253
0077 409.5 203.0 153 212
0077 234.5 166.5 163 249
0057 101.5 212.5 175 191
0036 512.5 188.0 131 226
0068 60.0 208.5 200 179
0054 372.0 145.5 178 267
0075 175.0 173.5 222 231
0075 463.5 263.0 127 148
0072 204.0 215.0 124 174
0024 70.0 137.5 184 211
0024 201.0 154.5 312 253
0078 396.0 157.5 138 261
0078 193.0 180.0 18 40
0061 81.0 163.5 110 255
0061 446.5 121.0 179 216
0029 6.0 187.5 224 237
0029 432.5 163.0 193 276
0017 104.5 144.0 155 278
0071 145.0 222.0 164 170
0031 480.0 155.0 144 266
0053 181.5 206.5 261 203
0046 284.5 205.0 199 200
0046 55.5 236.0 211 170
0048 225.0 177.0 224 224
0048 90.5 225.0 119 196
0066 59.5 197.0 111 202
0066 353.5 190.5 19 39
0018 394.5 108.0 149 316
0018 101.0 147.5 146 273
0014 376.0 127.0 216 296
0014 110.0 133.5 156 289
0038 488.5 180.5 141 235
0021 208.5 64.5 243 371
0019 105.0 143.5 152 279
0070 94.0 204.5 194 191
0045 293.5 206.0 177 208
0045 58.0 284.5 196 115
0063 57.5 176.0 129 228
0063 455.5 251.5 185 141
0055 380.5 122.0 243 250
0028 -3.5 167.0 237 202
0028 414.5 166.5 191 271
0023 86.0 130.5 442 287
0067 53.5 211.0 171 178
0049 90.5 241.5 127 169
0049 214.5 168.5 187 245
0030 462.0 162.5 170 277
0030 6.0 289.5 216 123
0060 88.5 167.5 103 249
0060 437.5 91.5 193 233
0040 434.5 203.0 193 210
0058 405.5 86.0 197 230
0058 88.0 203.5 142 211
0073 160.0 209.5 194 181
0073 511.5 186.0 129 266
0012 109.5 143.0 153 280
0012 367.5 110.5 197 315
0051 135.0 198.5 154 201
0013 110.5 145.0 155 280
0013 369.0 123.0 214 300
0076 248.5 169.5 139 239
0076 425.0 244.5 162 161
0025 53.0 98.0 210 232
0069 90.0 210.5 202 183
0069 352.0 191.0 18 38
0079 218.5 150.5 205 261
0037 498.5 181.0 137 234
0062 67.5 170.0 125 240
0062 447.0 187.5 178 183
0016 106.5 129.5 153 293
0016 398.0 138.0 208 280
0059 412.5 75.5 213 237
0059 91.0 181.5 116 235
0047 240.0 178.0 238 226
0047 75.0 242.0 164 158
0056 385.5 98.5 231 257
0056 111.5 202.5 107 209
0020 306.0 47.5 164 383
0020 108.0 135.5 158 285
0026 21.5 92.0 237 232
0026 345.0 181.0 208 248
0043 336.0 199.5 226 207
0043 86.5 321.5 175 71
0027 10.0 117.0 238 220
0027 372.5 175.0 209 266
0052 184.5 199.0 259 206
0064 52.0 195.0 116 206
0039 466.5 194.5 171 211
0041 409.5 197.0 197 206
0042 356.0 207.0 242 188
0015 387.5 140.0 221 278
0015 108.5 127.5 157 291
0044 317.5 202.0 213 204
0065 54.5 198.0 109 202
0022 72.0 178.5 162 211
0022 188.5 120.5 269 299
0137 124.0 54.5 394 381
0202 154.5 178.5 235 237
0202 433.5 164.5 147 269
0154 312.5 110.5 181 315
0195 229.0 154.5 286 265
0153 318.0 93.0 176 342
0080 220.0 147.5 280 273
0165 364.0 153.5 198 263
0163 348.0 174.0 210 250
0179 433.5 128.0 179 294
0179 -2.5 184.5 143 263
0100 477.0 277.5 20 39
0124 424.0 178.0 188 228
0124 68.5 202.5 245 197
0130 145.5 146.0 347 254
0186 321.0 155.5 232 259
0186 58.0 184.5 134 227
0148 108.5 46.0 161 238
0148 288.0 138.0 194 272
0209 90.5 124.5 147 291
0209 379.0 130.5 174 299
0201 346.0 143.0 160 288
0201 175.0 177.5 176 239
0152 72.0 19.0 230 238
0152 339.0 106.5 152 313
0123 475.5 173.5 149 235
0123 47.0 178.0 224 222
0172 389.5 112.0 187 314
0170 377.0 100.0 198 328
0189 93.5 161.0 139 256
0189 361.0 152.0 138 258
0115 53.0 134.0 170 284
0198 154.5 148.0 155 270
0198 382.0 172.5 162 253
0127 368.5 169.5 179 239
0127 186.0 210.5 166 189
0193 154.0 166.0 104 238
0193 261.0 153.5 292 267
0188 71.5 163.0 141 258
0188 340.0 147.0 170 262
0144 122.5 41.5 221 223
0144 269.5 162.0 193 250
0085 250.0 199.0 236 214
0180 427.0 135.0 182 284
0180 -3.0 273.5 110 147
0171 384.5 106.5 195 319
0174 399.5 139.0 217 282
0174 27.0 278.0 262 150
0178 430.0 127.5 180 297
0178 1.5 196.5 141 241
0111 29.5 137.5 177 285
0143 270.0 169.5 196 217
0166 371.5 149.5 193 269
0157 261.5 204.0 229 216
0155 274.5 117.5 219 299
0087 199.0 248.5 242 187
0129 192.0 165.0 116 244
0129 312.0 157.5 180 249
0160 70.5 217.5 269 191
0160 323.5 210.0 199 204
0192 135.0 156.0 134 264
0192 385.5 166.5 139 247
0125 411.5 175.5 191 229
0125 89.0 201.0 230 204
0112 46.0 141.0 162 284
0162 71.5 231.5 271 183
0162 329.5 194.5 205 221
0114 61.0 140.5 184 285
0114 378.5 200.0 247 232
0082 347.0 232.5 128 181
0086 239.0 239.0 244 196
0117 55.0 140.0 160 280
0117 552.0 269.5 86 183
0147 114.5 52.0 153 242
0147 258.5 75.0 235 348
0187 320.0 169.5 198 243
0187 67.5 164.0 137 254
0131 143.0 132.5 352 269
0141 111.0 21.5 234 219
0141 248.5 205.5 215 207
0138 119.0 30.0 220 218
0106 139.0 244.0 366 192
0197 126.0 186.0 214 226
0197 431.0 181.5 152 243
0204 136.0 174.5 152 247
0204 414.5 170.0 175 260
0208 103.5 127.0 125 288
0208 372.5 136.0 183 292
0084 288.0 197.0 200 214
0185 332.0 158.0 254 252
0185 51.5 193.0 143 214
0184 351.0 164.5 254 233
0184 36.0 196.5 142 219
0205 113.0 158.5 152 257
0205 418.0 171.0 170 256
0146 182.0 114.5 294 297
0167 383.0 136.5 188 285
0145 298.5 148.5 163 267
0145 117.5 58.0 227 204
0169 384.0 119.0 186 306
0191 116.5 152.5 147 273
0199 148.0 137.0 162 276
0199 378.0 152.5 162 273
0116 55.0 123.0 160 300
0164 334.0 159.0 204 258
0133 201.5 129.5 245 285
0173 394.0 126.5 214 299
0182 0.5 246.5 153 157
0182 420.0 154.0 196 262
0200 159.5 133.0 131 280
0200 353.5 153.0 207 270
0210 95.5 133.5 145 285
0210 367.0 109.0 186 322
0126 380.0 171.0 194 234
0126 151.0 214.0 200 178
0107 61.0 236.5 510 205
0196 124.0 193.0 230 216
0196 415.0 186.5 170 235
0177 433.5 121.5 175 303
0177 -0.5 198.5 157 243
0150 89.5 41.0 199 218
0150 355.0 142.5 132 277
0097 160.5 276.0 215 134
0099 478.0 277.0 20 40
0190 100.0 154.0 140 262
0108 1.0 197.5 266 221
0161 66.0 225.0 280 196
0161 318.5 203.5 211 215
0122 57.0 180.5 156 219
0122 493.5 185.0 107 228
0121 504.0 184.0 106 226
0121 54.0 169.0 138 238
0109 -2.5 189.5 249 231
0176 419.5 136.0 195 288
0132 180.5 122.0 269 300
0183 369.5 159.0 235 242
0183 19.5 213.5 143 193
0083 315.5 272.0 189 138
0206 379.0 144.5 188 281
0194 162.5 172.5 131 251
0110 19.5 153.0 203 272
0149 93.0 46.0 192 220
0089 163.0 155.0 42 52
0120 52.5 172.5 133 235
0120 498.5 185.0 125 228
0119 56.5 168.0 133 246
0119 511.0 230.0 132 180
0207 116.5 129.5 123 293
0207 363.5 131.5 201 293
0151 78.5 18.5 213 237
0151 355.5 128.0 139 292
0140 118.0 21.5 222 229
0113 54.0 147.0 160 274
0113 350.5 215.0 263 198
0181 423.0 152.0 194 266
0181 3.5 271.0 151 132
0159 287.5 217.5 229 203
0159 86.0 172.0 246 192
0139 121.0 29.0 212 222
0175 407.5 140.5 205 283
0175 25.5 223.0 263 204
0168 377.5 130.0 201 292
0211 372.5 110.0 179 320
0211 89.5 137.0 157 282
0128 190.0 234.0 160 164
0128 338.0 149.5 162 263
0118 58.0 161.0 146 256
0118 526.0 250.0 112 154
0134 157.5 67.0 139 242
0134 264.5 139.0 207 276
0136 120.0 61.5 414 365
0203 383.0 167.5 204 263
0203 156.0 177.5 214 239
0156 309.5 144.0 189 266
0275 248.0 176.5 248 253
0213 100.0 143.5 160 281
0213 388.5 109.5 179 321
0269 134.0 172.0 176 254
0269 317.5 105.5 187 325
0269 84.0 158.5 42 55
0260 99.0 147.0 176 276
0260 379.5 112.0 179 316
0279 144.0 146.0 172 280
0279 115.5 159.5 45 55
0234 107.0 175.0 170 254
0234 607.5 246.0 31 74
0264 380.5 126.5 203 297
0264 144.5 135.5 125 281
0225 172.0 144.0 166 274
0225 363.5 110.5 183 311
0296 131.5 151.0 179 278
0296 337.0 251.0 158 152
0276 146.5 152.0 155 266
0230 168.0 130.0 174 290
0248 291.5 53.0 177 398
0248 130.0 148.0 160 266
0248 108.5 161.5 45 51
0284 120.0 163.0 168 258
0255 324.0 169.0 222 236
0255 112.0 184.5 186 233
0255 117.5 158.5 45 55
0243 77.5 158.5 169 263
0243 311.5 118.0 151 300
0270 274.0 71.5 226 363
0270 79.5 173.0 171 252
0281 284.5 127.0 199 288
0281 93.5 175.5 185 245
0281 114.0 158.0 46 56
0246 100.0 154.0 162 268
0246 319.5 60.0 175 374
0262 100.5 127.5 169 299
0262 375.0 112.5 182 313
0302 99.5 152.0 167 276
0302 351.0 43.0 142 268
0224 150.0 145.0 206 266
0224 326.5 108.5 213 313
0235 252.0 130.0 238 294
0235 59.0 171.5 188 261
0304 112.0 160.0 178 260
0304 361.0 78.0 188 230
0304 109.0 159.5 44 53
0216 98.0 146.5 160 277
0216 397.0 143.0 206 278
0221 104.0 158.0 198 262
0221 367.5 115.0 183 318
0277 149.5 154.0 157 266
0252 307.0 195.0 210 226
0252 98.5 183.5 155 245
0227 168.0 135.0 168 286
0227 344.5 111.0 175 314
0229 169.0 125.5 166 295
0298 110.5 126.5 161 305
0245 93.0 151.5 164 279
0251 82.0 192.0 172 232
0251 300.0 195.5 202 227
0293 113.0 170.5 178 255
0293 351.0 276.5 126 141
0285 337.0 58.0 152 378
0285 122.5 161.5 169 261
0271 265.0 59.0 228 384
0271 86.0 176.0 170 248
0300 317.5 73.0 175 342
0300 68.0 137.0 184 300
0240 131.5 144.5 169 279
0226 169.5 139.5 169 281
0226 357.5 111.5 195 317
0278 149.5 153.5 165 271
0239 260.0 205.0 210 214
0239 129.0 155.0 154 270
0242 82.0 154.0 166 270
0242 301.5 119.0 201 304
0301 329.5 62.0 181 282
0301 83.5 169.0 175 260
0301 92.0 161.0 44 52
0212 96.0 149.0 162 272
0212 378.5 106.5 177 329
0232 245.0 50.0 236 396
0232 97.5 175.0 165 248
0263 383.5 116.0 189 316
0263 142.0 135.5 122 279
0292 319.0 199.5 164 221
0292 97.0 175.5 182 249
0268 160.5 151.5 227 277
0244 82.0 151.0 168 276
0244 295.0 105.5 176 317
0294 122.0 162.0 168 260
0294 362.0 269.0 126 142
0236 216.5 198.0 279 222
0286 314.5 48.5 177 395
0286 124.5 159.0 171 260
0233 268.0 119.5 174 305
0233 111.5 172.0 157 254
0223 308.0 115.5 238 305
0223 5.0 164.0 20 50
0223 99.5 146.0 251 282
0218 86.5 128.5 173 297
0218 417.5 122.0 191 306
0265 170.5 126.5 131 299
0265 378.5 129.5 209 293
0258 106.0 153.5 194 269
0258 375.5 140.0 175 282
0217 85.5 135.0 171 284
0217 413.5 132.5 191 287
0238 103.0 151.5 156 279
0228 171.0 132.0 158 286
0228 335.0 114.5 182 317
0220 84.0 147.5 180 275
0220 375.5 108.0 207 318
0256 110.5 186.5 191 231
0256 326.0 160.0 222 256
0283 107.5 159.5 193 263
0283 349.0 120.0 156 300
0283 142.5 162.5 41 51
0282 94.0 177.5 188 247
0282 320.5 129.5 179 287
0282 131.5 162.0 45 52
0289 268.0 212.0 200 210
0289 116.5 147.0 193 284
0289 130.5 158.5 43 61
0288 142.0 136.5 174 293
0288 284.5 66.5 169 367
0249 150.5 146.0 159 276
0249 115.5 158.0 45 56
0297 137.5 141.0 181 294
0297 316.0 135.0 138 288
0272 292.0 108.0 184 322
0272 97.5 167.0 173 264
0303 108.0 158.0 162 268
0253 112.5 194.0 155 230
0253 323.0 194.0 208 224
0299 61.5 130.5 183 301
0299 256.0 142.5 240 279
0261 377.0 110.0 178 316
0261 98.0 138.5 172 285
0273 114.0 153.5 158 271
0273 315.5 107.0 175 322
0250 91.5 188.0 153 242
0237 83.5 164.0 173 270
0295 346.5 134.0 151 274
0295 129.0 156.0 176 270
0274 305.5 110.5 191 313
0274 122.0 151.0 158 268
0241 143.5 154.5 165 267
0241 283.5 132.5 181 289
0231 265.0 58.0 204 386
0231 102.5 172.5 169 257
0259 101.5 146.5 175 275
0259 375.0 122.5 184 303
0287 288.0 54.0 178 390
0287 141.5 145.5 167 275
0290 75.0 172.5 180 253
0290 262.0 217.0 216 204
0290 115.0 161.0 46 54
0266 173.5 141.0 133 272
0266 368.0 122.5 208 303
0247 121.0 149.0 160 264
0247 281.0 48.0 194 394
0215 391.0 131.5 218 293
0215 100.0 149.5 160 277
0267 155.0 156.0 254 260
0267 90.0 163.5 46 49
0305 110.0 150.5 184 271
0214 106.0 148.0 158 276
0214 397.5 131.5 201 287
0254 329.5 187.5 209 233
0254 114.5 195.5 179 227
0280 132.5 143.0 193 286
0280 295.5 147.5 179 275
0280 112.5 158.0 45 56
0219 88.0 118.5 164 309
0219 406.5 119.5 197 307
0222 305.0 112.5 242 317
0222 99.0 139.0 244 296
0222 5.0 163.5 20 51
0222 71.0 160.5 42 53
0291 81.0 175.5 182 249
0291 280.0 214.5 204 205
0257 374.0 146.0 180 276
0257 110.0 154.5 182 269
0411 181.5 234.0 107 148
0411 480.5 253.5 97 143
0334 154.0 155.0 194 268
0334 381.5 176.0 155 246
0392 25.0 244.5 122 149
0392 523.5 203.0 97 200
0416 201.5 202.0 167 192
0416 416.5 199.5 113 207
0414 165.5 211.5 187 177
0414 450.0 200.0 102 206
0348 322.5 138.5 221 285
0311 100.5 159.5 173 263
0391 7.5 280.0 131 112
0391 524.0 193.0 98 216
0312 113.0 148.5 186 281
0408 68.5 233.0 189 152
0408 515.0 216.5 90 177
0394 55.5 224.5 95 167
0394 525.0 206.5 92 197
0397 49.5 219.5 105 169
0397 525.5 210.0 97 190
0308 184.0 161.5 292 251
0339 150.5 125.0 157 300
0339 368.5 123.0 193 304
0340 153.0 121.0 152 306
0351 190.0 135.5 336 303
0314 232.0 212.0 164 204
0379 486.5 147.0 147 272
0336 151.5 145.0 167 280
0409 92.0 237.0 166 150
0409 509.5 214.0 97 180
0419 170.0 191.5 138 265
0330 160.0 180.5 186 245
0323 162.5 198.0 135 226
0389 1.0 220.0 102 206
0389 519.0 193.5 108 223
0332 157.5 163.0 187 268
0332 375.0 182.0 156 240
0325 113.0 204.5 184 221
0333 159.5 152.0 185 280
0333 372.5 176.5 163 247
0365 141.0 118.5 278 311
0403 62.5 204.0 99 178
0403 531.0 215.5 94 179
0355 151.5 212.5 235 209
0355 381.0 152.5 168 275
0405 63.5 215.0 99 170
0405 520.0 223.0 106 172
0318 117.5 200.5 149 229
0318 345.5 222.0 155 206
0385 506.5 186.0 135 232
0385 8.5 247.0 209 184
0371 12.5 92.0 245 234
0371 326.0 180.0 222 252
0370 45.5 95.5 221 237
0352 319.0 140.5 196 285
0317 119.5 205.5 143 219
0317 357.5 229.0 139 196
0404 66.5 212.0 93 174
0404 517.5 221.0 111 172
0331 158.0 172.0 186 256
0331 356.5 183.5 187 239
0338 150.5 133.5 163 293
0338 370.5 141.0 191 294
0321 152.0 204.0 136 224
0402 61.0 202.5 96 181
0402 525.0 215.5 102 179
0343 134.0 147.5 162 273
0343 338.0 124.0 190 298
0374 414.5 172.0 189 260
0374 -2.5 157.0 229 222
0346 151.0 142.5 162 283
0346 335.5 131.0 201 292
0342 139.5 138.5 163 283
0342 352.0 125.5 208 295
0406 68.0 217.0 118 172
0406 523.0 291.0 98 102
0368 88.5 134.5 441 287
0316 103.5 205.0 161 220
0388 1.0 222.0 104 200
0388 493.5 190.5 143 221
0407 61.0 225.5 160 161
0407 595.0 240.5 26 39
0366 122.5 76.0 377 380
0341 144.5 128.5 159 293
0341 365.0 117.5 194 309
0382 512.0 141.5 124 281
0309 189.5 155.0 281 258
0353 212.5 180.5 291 251
0398 52.5 223.0 101 162
0398 524.0 249.5 94 145
0400 59.5 212.0 97 172
0400 529.5 206.5 97 191
0410 122.5 239.5 163 145
0410 500.0 206.0 100 196
0357 133.5 208.0 241 210
0357 365.5 153.0 179 266
0396 57.5 228.0 95 162
0383 513.5 149.0 125 270
0310 91.5 175.0 161 252
0361 345.0 132.0 208 288
0361 121.5 172.0 185 256
0347 147.5 147.0 237 260
0347 347.0 139.5 214 283
0359 119.0 212.5 212 211
0359 348.5 133.5 175 293
0378 477.5 151.5 153 273
0375 -0.5 190.0 231 234
0375 434.5 170.5 181 265
0349 352.5 143.5 203 275
0387 0.0 241.5 164 165
0387 501.0 192.0 138 222
0315 183.5 131.5 147 271
0315 303.0 229.0 114 190
0345 138.0 141.0 154 278
0345 328.5 133.5 207 287
0362 114.5 146.5 187 277
0320 142.5 209.5 139 219
0320 366.0 220.0 138 206
0376 -7.5 215.0 223 216
0376 463.5 172.0 163 264
0381 511.5 137.0 125 284
0350 192.0 142.5 228 283
0413 159.0 221.5 156 165
0413 461.0 272.0 98 130
0307 192.5 135.0 265 282
0417 275.0 201.5 102 195
0417 371.5 202.5 107 203
0328 150.5 198.5 169 229
0363 122.5 142.5 175 285
0363 325.5 109.0 119 316
0322 326.5 231.0 169 186
0322 155.5 193.5 139 237
0358 127.5 212.0 219 210
0358 360.0 143.5 186 277
0324 160.5 193.5 135 225
0324 278.0 228.5 176 197
0337 150.5 140.5 161 287
0364 252.0 58.5 168 375
0401 57.5 211.0 99 174
0401 528.0 213.0 96 182
0306 104.0 147.5 198 277
0306 339.5 97.5 145 283
0335 147.5 148.0 181 278
0344 134.5 146.0 159 274
0344 334.0 133.5 196 289
0377 465.5 164.0 167 272
0386 502.0 192.5 138 225
0386 26.0 243.0 174 138
0319 139.5 212.0 135 216
0319 357.0 213.0 152 218
0326 118.0 203.5 180 223
0393 36.0 237.5 112 159
0393 526.5 202.5 95 199
0354 182.5 209.0 239 212
0354 389.0 157.0 170 268
0415 189.0 207.5 158 183
0415 429.5 198.0 113 210
0327 197.0 203.0 338 226
0369 67.0 125.0 188 216
0369 213.0 192.5 304 223
0395 56.0 226.0 96 168
0395 512.5 260.0 97 134
0412 169.0 228.0 126 160
0412 472.0 249.0 104 150
0329 148.5 194.0 175 230
0329 290.5 190.5 253 237
0380 508.0 147.5 130 271
0390 522.0 190.0 100 222
0390 0.5 276.0 103 134
0360 119.0 207.5 202 219
0360 346.5 135.0 207 288
0372 6.5 102.5 235 225
0372 364.5 177.5 201 259
0313 113.5 150.5 173 275
0367 81.5 123.5 401 307
0399 54.5 219.5 99 165
0399 525.5 208.0 97 188
0373 9.0 123.0 230 218
0373 385.0 173.0 198 266
0418 348.0 195.5 140 219
0356 140.0 213.0 238 206
0356 369.5 156.0 185 264
0490 338.5 123.0 169 290
0490 101.0 143.0 152 288
0495 81.0 173.0 182 256
0495 268.0 205.5 232 223
0489 297.0 129.0 168 288
0489 85.5 141.5 163 287
0497 317.0 187.5 174 231
0497 108.5 158.5 165 265
0529 130.5 192.5 149 237
0529 337.0 201.0 196 218
0514 230.5 192.0 175 220
0536 116.0 156.5 174 263
0536 382.0 130.0 192 290
0538 134.5 142.5 191 287
0538 338.0 107.5 138 317
0521 156.0 196.5 140 239
0521 358.5 246.5 195 181
0484 228.5 219.5 271 207
0484 96.5 164.5 163 269
0503 72.5 105.5 185 327
0503 310.0 78.0 186 332
0527 143.0 184.0 140 248
0527 363.0 208.0 184 214
0499 134.0 156.0 168 268
0499 346.5 144.5 149 261
0507 119.5 150.0 175 274
0507 365.0 67.0 138 270
0493 288.0 52.0 176 384
0496 96.0 168.0 174 262
0496 283.5 198.5 201 233
0470 120.5 131.0 163 290
0470 366.0 112.0 200 312
0479 246.5 120.0 211 296
0479 100.5 152.5 171 273
0511 78.5 44.0 187 410
0511 234.5 165.0 241 246
0506 346.5 52.0 171 254
0506 110.5 153.5 159 271
0480 243.5 123.0 213 290
0534 122.5 134.0 167 304
0534 381.0 124.5 170 297
0501 158.0 149.5 160 277
0501 309.5 140.5 149 283
0488 135.0 137.0 172 294
0488 296.0 131.0 174 296
0522 158.0 190.0 138 244
0522 355.5 247.0 197 180
0485 120.0 145.0 306 286
0481 274.5 137.0 173 280
0494 253.5 199.5 223 223
0520 148.0 196.0 142 240
0520 15.0 241.0 22 30
0520 306.0 247.0 252 180
0524 155.5 183.5 137 255
0491 111.0 151.5 148 275
0471 352.5 119.5 211 305
0471 116.5 143.5 169 273
0518 129.5 202.0 157 230
0513 114.0 148.5 178 277
0530 129.5 194.5 151 235
0530 330.5 197.5 203 221
0474 127.5 111.5 387 321
0487 283.5 156.5 173 263
0487 154.0 148.5 158 271
0540 112.5 79.0 339 344
0523 154.5 187.5 133 247
0526 146.0 183.0 140 250
0526 382.5 211.0 161 214
0539 303.0 44.5 142 395
0498 120.5 159.5 169 265
0498 360.5 275.5 125 137
0509 74.0 129.0 404 298
0535 126.0 150.0 156 280
0535 378.5 123.0 177 298
0483 255.5 138.0 225 286
0483 67.0 174.0 180 254
0476 231.5 143.5 257 277
0516 102.5 199.0 143 228
0516 208.5 244.0 293 186
0517 206.5 246.0 315 186
0472 317.5 123.5 231 301
0472 118.0 148.0 168 274
0528 137.0 195.0 142 232
0528 348.5 207.0 209 214
0532 122.0 185.0 160 244
0532 332.5 191.5 197 229
0532 15.5 240.0 21 32
0519 139.5 201.0 147 234
0519 365.5 244.0 179 188
0510 75.5 116.0 407 310
0492 286.5 59.0 199 364
0542 16.5 201.5 55 95
0542 373.5 232.5 75 181
0541 9.5 164.5 209 275
0541 181.0 132.5 280 291
0512 218.5 164.0 227 246
0502 236.0 177.0 274 248
0533 126.0 137.5 160 301
0533 357.5 149.0 195 268
0508 146.0 144.0 164 280
0508 332.0 89.0 140 278
0473 288.5 135.0 249 288
0473 127.0 139.0 158 278
0515 156.5 182.0 229 248
0505 109.5 154.5 153 273
0505 382.5 156.0 113 146
0500 142.0 149.5 174 279
0500 355.0 240.0 118 174
0525 152.0 181.0 134 254
0525 380.5 212.5 141 211
0478 293.0 209.5 156 209
0478 168.5 142.0 139 278
0537 116.0 148.5 178 269
0537 377.0 106.5 172 319
0531 123.0 199.5 158 225
0531 330.5 194.5 201 223
0482 76.5 175.5 179 259
0482 266.0 137.0 202 292
0475 159.0 133.0 322 286
0504 345.5 61.0 147 264
0477 252.5 119.0 241 318
0606 440.0 138.0 176 278
0606 46.5 155.0 219 268
0597 149.0 143.0 168 282
0653 373.0 98.5 202 305
0653 33.5 206.5 149 187
0584 257.5 130.0 135 276
0562 107.0 227.5 114 185
0562 417.0 139.0 202 298
0648 9.0 261.5 118 131
0594 200.5 140.5 133 273
0664 103.0 215.5 212 201
0635 447.5 196.0 165 208
0590 257.5 142.5 193 283
0588 262.0 135.0 122 198
0572 152.0 218.5 116 183
0572 246.5 91.0 231 350
0621 19.5 136.5 201 263
0621 263.0 133.0 228 292
0578 150.5 131.5 249 297
0649 23.0 224.5 122 171
0620 30.0 154.5 178 261
0620 244.5 133.0 239 294
0547 368.0 159.5 206 281
0592 198.0 127.5 144 295
0608 422.0 127.5 194 289
0608 74.0 144.0 190 284
0656 58.0 166.0 156 248
0656 274.0 114.0 226 260
0627 443.0 132.0 140 294
0627 -3.5 95.5 233 231
0602 465.5 189.5 167 231
0602 69.5 127.0 177 296
0612 308.5 126.0 247 288
0612 90.5 122.0 169 304
0611 352.5 137.0 237 286
0611 85.5 134.5 165 283
0577 105.0 120.0 254 302
0544 66.5 149.0 87 206
0579 182.5 138.0 157 290
0662 92.0 217.5 220 193
0546 345.5 185.0 217 248
0546 90.5 202.5 99 205
0550 425.5 135.5 159 293
0596 166.5 142.5 175 273
0659 83.5 170.5 183 243
0576 207.5 104.5 191 317
0609 385.0 147.5 230 271
0609 85.5 140.5 165 281
0624 354.0 123.0 200 306
0624 -6.5 89.0 247 236
0583 175.5 135.0 195 298
0583 307.5 336.0 153 120
0551 407.0 126.0 190 304
0559 420.0 121.5 216 319
0559 56.0 343.0 224 72
0640 340.0 209.5 252 179
0555 484.5 119.0 157 316
0634 458.5 181.5 143 219
0626 434.0 103.0 146 336
0626 -1.0 90.5 228 233
0617 138.0 146.5 168 273
0607 428.0 120.0 198 300
0607 65.0 142.0 204 292
0615 125.0 134.5 172 281
0615 270.0 126.5 202 289
0629 457.5 148.0 147 264
0629 -1.0 156.5 190 235
0641 388.0 194.5 170 211
0657 88.5 157.5 139 245
0657 272.0 136.0 216 218
0581 182.5 180.5 249 249
0618 134.5 144.5 277 277
0610 359.0 145.0 246 272
0610 85.0 142.5 162 279
0631 458.0 158.5 150 255
0631 -4.5 242.5 191 133
0663 96.5 218.0 215 198
0616 137.0 135.5 174 285
0616 288.5 109.0 137 314
0586 245.0 39.0 132 394
0573 240.0 42.5 238 391
0573 172.5 225.5 119 187
0568 92.0 218.0 186 194
0568 317.0 215.0 206 220
0558 418.5 110.0 211 336
0632 452.5 170.5 157 237
0566 390.0 143.0 222 282
0566 73.5 233.0 263 176
0563 416.5 133.0 199 304
0563 82.0 191.5 154 227
0643 419.0 208.5 162 189
0552 461.5 138.0 143 284
0570 114.5 211.0 139 202
0567 82.5 225.5 241 177
0567 338.5 182.5 255 253
0549 416.0 151.5 174 277
0565 71.5 238.0 281 174
0565 393.0 161.0 212 278
0543 220.0 152.5 308 257
0625 366.0 121.5 196 315
0625 -6.5 88.0 245 236
0655 50.0 170.5 152 241
0655 329.5 155.0 177 218
0589 264.0 157.0 226 310
0637 446.5 203.5 157 193
0580 180.0 147.5 182 277
0591 249.5 137.5 123 289
0598 130.5 141.5 191 283
0571 134.5 217.0 117 186
0614 297.0 139.5 206 263
0614 114.0 126.5 176 291
0613 310.5 120.0 217 292
0613 99.5 120.5 167 303
0652 373.5 120.5 205 287
0652 52.0 196.5 114 203
0628 -4.5 133.0 227 194
0628 442.5 137.0 155 282
0599 115.0 143.5 184 279
0599 478.5 243.5 161 195
0587 275.0 62.5 126 277
0651 388.5 130.5 177 287
0651 53.0 202.5 112 201
0636 460.5 201.5 147 197
0623 3.0 99.5 236 255
0623 332.5 138.0 195 290
0600 106.0 148.5 190 271
0600 474.0 209.0 168 216
0582 169.0 133.5 210 299
0630 4.0 186.0 194 186
0630 448.5 154.0 161 260
0604 478.5 144.0 135 280
0604 60.0 147.5 182 273
0645 9.5 235.5 113 167
0595 184.5 142.0 153 278
0633 452.5 181.0 155 218
0644 398.5 223.0 199 180
0644 10.0 232.0 112 180
0654 44.0 180.5 148 221
0654 378.0 144.5 176 241
0575 199.5 209.0 119 202
0661 92.0 214.0 200 198
0642 404.5 196.0 145 208
0642 17.5 255.0 181 134
0574 220.0 40.0 274 392
0619 50.5 154.5 169 263
0619 247.5 133.0 227 290
0638 442.0 197.0 162 204
0665 137.5 207.0 165 208
0545 321.5 192.0 265 228
0561 411.0 137.0 210 302
0561 53.0 273.5 170 139
0650 33.0 208.0 112 190
0650 382.5 169.0 163 222
0593 200.5 133.0 131 282
0593 344.0 245.0 150 194
0601 84.5 140.5 177 283
0601 464.0 223.5 174 195
0564 26.5 208.5 177 205
0564 403.0 132.0 194 308
0666 186.0 187.5 140 227
0639 352.5 204.0 245 188
0646 384.0 237.0 198 180
0646 1.0 277.0 110 128
0585 228.5 135.5 177 271
0658 96.0 159.0 142 246
0658 318.5 108.5 221 207
0556 461.0 115.0 180 334
0556 59.5 317.5 235 91
0603 452.5 152.5 161 273
0603 61.5 144.5 183 273
0660 93.5 194.5 181 219
0569 109.0 212.5 152 199
0569 269.5 250.5 295 191
0605 454.0 147.0 160 278
0605 51.5 156.5 203 265
0622 5.5 114.0 233 244
0622 297.0 138.0 236 292
0557 54.0 314.0 220 96
0557 432.5 121.0 205 320
0560 398.5 125.5 227 319
0668 195.5 206.0 111 202
0674 164.0 214.0 140 214
0692 59.0 186.5 186 225
0696 68.5 186.0 115 210
0669 206.5 230.5 111 151
0679 100.5 216.5 145 215
0714 192.5 174.0 241 232
0715 68.5 194.5 149 207
0673 164.5 215.0 221 204
0693 70.0 196.5 144 209
0709 340.5 214.0 215 182
0709 116.5 202.0 123 194
0699 63.5 199.5 111 195
0699 539.0 215.0 96 174
0676 133.0 212.0 152 222
0702 61.0 213.5 110 177
0702 499.0 182.5 104 215
0713 157.5 178.5 125 221
0713 305.5 203.0 119 202
0712 152.0 183.5 128 215
0687 55.5 154.0 169 274
0687 494.0 278.0 146 134
0686 59.0 151.0 166 278
0686 474.5 278.0 163 132
0670 202.0 230.5 120 175
0672 174.5 218.5 215 205
0707 366.5 213.0 219 176
0707 67.0 224.0 166 170
0697 68.5 193.5 113 195
0680 96.5 214.5 147 217
0678 107.0 213.5 144 217
0708 104.5 208.5 127 185
0708 346.5 212.0 207 184
0694 71.5 201.5 135 201
0677 129.5 221.5 123 201
0682 71.5 215.5 161 215
0704 53.5 217.5 129 169
0704 469.5 209.0 157 184
0695 68.0 200.0 120 196
0667 194.5 213.0 109 188
0705 449.0 219.0 156 172
0705 59.5 225.5 133 163
0689 55.5 174.0 195 248
0711 149.0 193.0 118 210
0711 318.5 175.0 167 226
0700 66.0 207.5 108 187
0700 505.0 207.5 94 187
0684 48.5 167.0 209 264
0701 63.5 211.0 109 182
0701 505.5 186.0 93 208
0681 89.5 219.0 151 208
0675 151.0 213.0 172 220
0690 51.0 179.5 206 241
0683 65.5 200.0 177 228
0671 179.0 217.5 200 201
0688 57.0 169.0 188 258
0688 526.0 269.5 114 139
0710 116.5 202.0 143 198
0710 348.0 180.0 156 218
0703 61.5 209.0 109 184
0703 495.0 188.0 104 206
0691 39.5 164.0 205 254
0685 59.0 156.0 186 270
0685 477.0 290.5 160 125
0706 398.0 213.5 204 173
0706 59.0 222.5 160 171
0698 62.5 195.0 115 194
0698 566.0 227.0 74 152
