0074 10.0 125.5 228 199
0074 383.0 181.5 204 253
0046 16.5 225.0 125 170
0046 437.5 171.5 179 255
0036 415.0 184.0 202 232
0068 98.5 122.0 167 304
0068 288.0 74.5 186 349
0025 110.0 144.0 336 280
0028 42.0 85.0 226 250
0028 290.5 152.0 269 262
0053 59.5 147.5 155 269
0053 330.5 155.0 203 264
0026 25.5 151.5 205 245
0026 239.5 154.5 263 259
0024 156.5 145.5 213 275
0039 356.0 154.5 196 261
0015 87.0 118.0 172 306
0015 349.5 158.5 211 257
0067 79.0 140.5 170 281
0067 335.5 67.5 135 345
0057 118.0 210.5 224 207
0057 402.5 191.5 165 219
0063 78.5 155.0 175 266
0063 371.0 131.5 190 289
0078 482.5 157.0 161 264
0078 12.5 330.0 197 70
0052 41.0 164.5 152 247
0052 318.0 161.0 234 246
0034 454.5 143.0 143 276
0034 26.0 281.0 182 140
0016 85.5 121.5 173 299
0016 362.5 153.0 201 268
0076 3.5 181.5 211 251
0076 458.5 134.5 179 301
0035 441.0 151.0 170 264
0033 -3.0 182.0 192 214
0051 15.5 197.0 157 208
0051 306.0 171.5 290 223
0071 47.0 140.0 214 216
0073 58.0 122.5 202 211
0073 304.0 217.5 238 187
0064 60.0 152.0 184 270
0064 378.5 136.0 191 282
0014 91.0 118.5 162 307
0014 360.0 141.0 198 282
0061 90.0 204.0 184 214
0061 392.5 145.0 159 272
0055 120.0 184.0 146 238
0055 367.5 198.5 67 209
0040 371.0 137.5 204 283
0049 34.5 194.5 121 213
0049 408.5 165.5 199 247
0065 61.0 143.0 182 274
0065 388.5 136.0 183 280
0038 301.0 172.0 300 220
0012 78.5 143.0 179 282
0012 361.5 125.0 197 298
0045 413.5 140.0 197 278
0045 4.0 262.5 128 145
0048 41.5 206.0 117 196
0048 419.5 185.5 191 229
0075 -2.0 143.0 222 210
0075 424.5 181.0 193 252
0072 52.5 126.5 163 217
0047 31.5 214.5 119 189
0047 454.5 150.5 155 271
0054 80.0 150.0 150 262
0054 330.0 151.5 190 251
0032 70.0 132.0 170 222
0032 435.5 125.5 157 299
0027 37.0 121.0 240 238
0027 290.5 160.5 249 253
0043 8.5 204.0 137 216
0043 410.0 135.5 182 281
0037 391.5 146.0 217 260
0019 100.5 136.5 179 291
0019 340.0 146.5 222 265
0059 97.5 211.0 221 204
0059 391.0 156.5 158 261
0029 32.0 92.0 248 224
0029 303.5 141.5 259 277
0044 9.0 284.0 118 120
0044 406.0 139.5 192 285
0022 137.0 114.5 168 309
0022 293.0 158.5 166 259
0058 99.5 216.5 239 201
0058 385.0 153.5 182 263
0056 143.0 216.0 218 194
0056 398.5 152.0 145 266
0030 381.5 133.0 199 280
0030 19.0 85.5 210 233
0023 145.5 128.5 255 297
0017 97.0 131.0 158 296
0017 364.5 152.5 197 267
0077 469.0 169.0 170 262
0077 -0.5 221.5 213 199
0018 96.5 143.5 169 285
0018 358.5 142.5 201 275
0050 3.5 186.5 157 223
0050 350.5 163.5 247 237
0013 79.5 138.5 179 287
0013 353.5 134.5 215 289
0060 388.0 153.0 160 266
0060 96.0 201.0 222 216
0041 389.5 146.0 217 268
0041 2.5 254.0 263 170
0070 42.5 153.0 189 234
0070 329.0 144.0 164 270
0066 81.0 143.5 168 279
0066 362.0 115.0 146 304
0021 127.5 124.0 167 292
0021 294.5 145.5 227 261
0069 108.0 154.5 144 271
0031 419.0 132.0 172 278
0020 108.5 135.5 191 287
0020 321.5 134.0 229 284
0062 93.0 188.5 164 233
0062 391.0 139.5 162 281
0042 6.0 225.5 204 185
0042 401.5 146.5 195 273
0144 47.0 147.0 182 276
0144 388.0 114.5 188 309
0150 61.0 141.5 180 277
0150 301.5 136.0 239 292
0123 174.0 237.0 196 208
0125 182.0 245.0 182 204
0082 560.5 203.0 77 194
0137 123.0 155.5 170 247
0095 453.5 175.5 149 223
0095 12.5 257.0 85 130
0091 59.0 310.5 154 71
0116 171.5 164.0 197 240
0133 168.0 195.0 124 184
0133 270.0 236.0 216 218
0174 469.0 155.5 166 267
0113 187.5 168.0 225 242
0117 184.0 177.0 256 222
0163 152.0 142.5 200 279
0080 516.0 144.0 122 280
0085 522.5 250.5 103 147
0141 86.0 154.0 150 252
0148 66.5 130.0 171 284
0148 430.5 225.0 95 190
0109 170.5 209.5 285 187
0132 175.0 213.0 122 172
0101 62.0 222.5 90 171
0101 376.0 241.5 158 147
0151 67.5 135.0 169 278
0151 310.5 142.0 213 276
0179 571.5 246.5 67 155
0098 389.0 207.5 188 191
0139 98.5 165.0 145 238
0111 162.0 213.0 316 190
0131 184.5 224.0 273 232
0177 499.5 130.5 141 285
0108 250.5 175.5 205 219
0136 146.5 148.5 153 251
0107 127.5 191.5 157 213
0107 260.5 175.5 195 217
0171 422.0 165.5 208 269
0171 0.0 169.0 210 224
0182 510.5 196.0 119 206
0181 507.5 195.5 135 209
0164 57.0 165.5 196 243
0164 225.5 115.5 267 307
0156 359.0 143.5 154 267
0156 110.5 144.0 201 276
0089 490.0 209.0 114 194
0089 47.0 331.5 142 51
0178 563.5 146.5 75 275
0119 118.5 225.5 225 223
0129 191.0 222.5 224 189
0168 299.5 183.5 263 237
0168 31.5 124.0 201 206
0126 179.5 210.5 185 209
0092 29.0 301.0 144 82
0130 179.0 227.5 250 167
0152 66.5 150.0 181 264
0152 318.5 151.5 205 263
0114 176.0 198.0 104 174
0120 127.5 214.5 185 215
0118 129.5 213.5 243 225
0121 135.0 210.5 198 211
0176 483.0 112.5 154 315
0127 184.5 221.5 199 237
0173 464.5 146.5 167 277
0134 152.0 160.0 146 244
0134 274.0 158.0 216 294
0105 64.0 203.0 150 194
0105 307.5 179.0 205 212
0088 55.5 322.0 119 62
0146 385.5 107.5 159 331
0146 51.5 143.0 173 278
0153 66.5 147.5 235 267
0104 67.5 210.5 121 183
0104 334.0 209.5 188 187
0106 101.0 203.5 122 197
0106 328.0 202.0 116 202
0097 394.5 213.0 205 174
0097 6.0 296.0 90 92
0165 55.0 148.5 198 237
0165 215.5 128.0 285 288
0115 168.5 172.0 211 224
0102 62.5 215.0 105 178
0102 358.5 211.5 191 177
0096 437.0 167.0 154 230
0149 61.0 127.5 166 293
0149 294.0 139.0 254 286
0128 175.5 222.5 225 233
0087 506.0 230.0 98 178
0142 80.5 150.0 153 260
0099 398.0 229.5 156 161
0099 32.0 249.5 96 135
0090 489.5 230.0 119 176
0090 54.5 325.5 121 61
0167 42.5 126.0 185 216
0167 251.5 160.5 311 249
0157 111.0 142.0 190 276
0157 365.0 130.0 140 280
0166 220.0 90.0 320 302
0166 53.0 150.0 204 224
0160 120.0 118.0 174 308
0160 363.5 132.5 169 279
0124 180.0 243.5 194 201
0170 -4.0 136.0 252 208
0170 394.5 187.5 219 239
0084 526.5 194.5 107 211
0159 123.5 118.5 177 305
0159 364.5 126.0 167 280
0162 142.0 139.0 176 286
0162 301.0 59.5 138 369
0079 499.0 143.0 144 282
0154 79.5 154.0 245 258
0154 368.0 201.0 160 212
0147 58.5 125.5 169 297
0147 398.0 151.5 144 265
0145 390.0 113.5 184 305
0145 47.0 145.5 180 279
0100 54.0 226.5 96 169
0100 402.5 214.5 105 187
0135 144.5 163.5 145 235
0135 279.5 185.0 215 260
0103 57.0 216.0 118 182
0103 346.5 213.5 203 179
0140 91.5 167.5 149 235
0143 61.0 153.5 180 263
0143 390.5 96.0 139 346
0112 144.5 212.5 337 191
0161 363.5 123.5 95 283
0161 131.5 129.0 167 294
0122 169.0 290.0 200 134
0175 493.5 132.5 139 287
0110 164.0 214.0 306 188
0093 17.5 295.0 171 88
0158 128.0 120.5 174 299
0158 366.5 128.5 137 281
0169 18.5 120.0 229 210
0169 354.5 192.0 215 236
0138 99.0 161.0 150 242
0155 369.5 144.0 155 266
0155 110.5 146.0 205 274
0172 1.0 188.0 210 234
0172 451.5 170.5 169 261
0290 185.0 141.5 198 289
0292 192.0 144.5 188 277
0292 378.5 129.5 177 291
0294 192.5 142.5 165 287
0294 371.0 124.0 172 290
0215 66.0 237.5 98 147
0215 500.0 235.5 64 143
0273 113.0 146.5 220 275
0273 312.0 140.0 218 272
0291 198.0 145.5 218 277
0272 309.0 141.0 240 272
0272 97.5 153.5 221 261
0208 39.0 240.0 96 142
0208 502.0 247.0 86 140
0306 107.0 140.0 166 288
0306 348.5 121.5 213 291
0189 478.5 210.0 111 196
0189 67.5 325.5 141 59
0227 238.5 209.5 97 195
0227 405.0 200.5 66 201
0203 502.5 225.0 87 160
0203 47.0 235.5 82 149
0255 69.0 135.0 182 288
0262 395.0 124.5 138 291
0262 78.5 151.5 193 269
0295 189.0 146.5 200 283
0295 367.0 152.0 162 264
0228 226.0 228.0 130 158
0228 367.5 172.0 85 230
0279 157.5 138.0 165 286
0279 291.5 146.5 169 265
0218 88.0 246.5 152 133
0218 451.0 233.0 108 148
0296 190.0 148.5 198 277
0283 173.0 115.0 174 302
0224 164.5 232.0 153 152
0224 459.5 208.0 87 180
0188 477.5 203.5 111 203
0188 49.0 313.0 172 68
0217 72.0 241.0 156 134
0230 218.5 160.0 201 242
0186 493.0 206.0 106 196
0186 64.5 324.5 133 61
0194 498.5 203.0 101 194
0247 362.5 146.5 149 275
0247 113.5 145.5 173 261
0226 208.5 220.5 107 171
0226 416.0 179.5 90 221
0223 165.5 240.5 129 137
0287 164.0 134.0 182 292
0287 316.0 122.0 172 290
0298 163.5 143.5 287 275
0265 81.0 149.0 174 276
0265 400.0 122.5 158 289
0305 110.5 139.0 163 286
0305 357.5 121.0 201 290
0284 179.5 120.0 161 298
0284 314.5 132.5 179 275
0220 167.5 258.5 95 119
0246 108.5 144.0 165 270
0246 321.5 183.5 191 235
0207 40.5 252.5 91 131
0207 505.0 230.5 84 153
0243 348.5 142.5 171 275
0243 110.5 167.0 163 246
0191 14.0 293.5 154 99
0191 493.5 246.5 115 155
0184 498.5 189.5 105 221
0276 288.5 134.5 191 285
0276 148.0 118.5 174 301
0259 93.0 142.5 174 285
0259 367.0 116.0 128 312
0205 37.0 252.0 92 130
0205 506.5 229.5 79 155
0308 109.0 142.5 182 279
0308 323.0 66.0 126 360
0299 143.0 144.0 232 274
0299 389.5 136.0 167 290
0212 41.5 229.5 95 153
0212 505.0 232.5 62 149
0185 116.0 321.0 90 66
0185 498.0 201.5 96 201
0195 497.5 214.5 105 181
0195 2.0 290.0 86 102
0237 351.5 160.0 137 260
0237 127.5 193.5 179 213
0237 319.0 216.0 36 68
0257 90.5 134.0 169 296
0307 106.5 143.5 165 283
0307 340.5 116.5 175 301
0271 312.0 136.5 246 285
0271 94.0 152.0 216 262
0303 120.5 142.0 165 274
0303 335.5 130.0 197 286
0200 47.5 250.0 77 136
0200 500.0 225.5 96 163
0245 360.5 145.5 149 275
0245 111.5 149.0 161 268
0300 139.0 141.0 192 282
0300 378.5 136.5 173 283
0275 143.0 124.0 176 300
0275 322.0 123.5 168 291
0310 131.0 120.0 174 300
0252 140.5 161.5 153 255
0252 303.5 149.5 215 267
0285 166.0 118.0 176 306
0285 322.5 75.5 159 345
0278 288.5 150.5 167 263
0229 220.0 144.5 186 253
0199 502.0 227.0 94 162
0199 39.5 267.0 83 112
0219 103.5 254.5 141 125
0286 164.0 116.0 182 310
0286 318.5 86.5 169 327
0264 69.0 152.0 184 270
0264 385.0 120.0 174 290
0277 265.0 163.5 196 249
0183 496.0 190.0 126 220
0244 113.0 165.0 174 244
0244 351.5 141.5 161 275
0192 489.0 210.0 112 186
0192 8.5 292.5 159 93
0261 389.5 108.5 127 325
0261 78.0 148.5 194 277
0268 79.5 132.5 175 285
0268 392.5 115.0 165 306
0240 136.5 182.0 159 232
0240 337.0 147.0 154 270
0210 43.5 234.0 91 150
0210 505.0 239.5 80 145
0202 503.5 227.0 89 158
0202 52.5 246.5 73 139
0242 348.0 140.5 160 279
0242 116.0 171.0 168 242
0311 124.0 131.0 172 290
0198 25.0 267.5 88 113
0198 505.0 253.5 94 137
0236 341.0 190.5 160 219
0236 129.0 196.0 180 208
0302 122.0 140.5 168 279
0302 351.5 141.0 205 270
0269 374.5 129.0 193 288
0269 82.5 119.0 169 306
0221 189.0 258.0 80 120
0231 197.0 234.5 168 163
0231 355.0 208.0 148 196
0250 121.0 147.5 162 263
0250 301.0 161.5 224 255
0253 148.5 143.5 161 275
0253 309.5 132.0 117 294
0204 40.0 248.5 88 135
0204 504.5 228.5 85 157
0222 159.5 244.0 119 130
0251 127.0 151.5 156 257
0251 306.5 165.0 207 254
0280 167.0 148.5 168 275
0211 45.0 226.5 92 161
0211 514.5 247.5 59 137
0293 199.0 142.0 154 290
0293 379.5 136.0 161 280
0263 77.5 151.5 179 271
0263 385.0 117.5 174 297
0187 476.5 209.0 117 198
0190 477.0 208.5 116 193
0190 29.5 299.5 147 83
0301 131.5 132.5 181 293
0301 370.0 150.0 182 262
0297 187.5 142.0 243 280
0266 394.0 121.5 174 291
0266 89.0 137.0 160 280
0254 85.0 180.5 176 239
0274 304.0 132.0 200 280
0274 128.0 141.5 184 281
0288 181.0 132.0 164 294
0288 321.0 139.0 162 272
0239 137.0 182.5 164 231
0239 345.0 149.0 148 266
0197 502.0 209.5 92 187
0197 11.0 294.5 92 95
0232 164.0 220.5 186 183
0232 357.0 210.5 152 195
0241 343.5 145.5 149 271
0241 118.5 180.0 175 236
0281 167.0 149.0 170 274
0281 306.0 150.0 194 258
0260 90.5 148.0 179 280
0213 40.5 230.5 97 155
0213 507.0 233.5 60 143
0214 47.5 232.5 95 155
0214 503.5 238.0 67 138
0258 94.0 148.5 174 283
0196 6.0 299.5 92 79
0196 495.5 211.5 101 185
0267 87.5 133.0 163 288
0267 399.0 117.0 168 306
0235 346.5 196.0 161 208
0235 132.5 201.0 191 202
0282 178.5 139.0 165 280
0238 345.5 153.0 141 264
0238 142.0 190.0 160 216
0209 46.0 233.5 90 151
0209 488.0 249.0 96 138
0233 148.5 209.0 183 198
0233 352.5 208.0 163 196
0249 113.5 141.5 173 267
0249 339.0 161.5 188 255
0248 111.0 141.5 178 267
0248 351.5 150.0 167 270
0216 73.5 236.0 113 142
0289 187.0 134.0 180 294
0312 61.0 160.0 190 238
0234 129.5 205.5 195 199
0234 350.5 196.0 159 212
0206 39.0 250.0 92 132
0206 506.5 234.5 81 147
0270 356.0 138.5 210 277
0270 75.0 133.5 180 289
0201 501.5 226.0 93 160
0201 45.0 236.0 82 148
0193 491.5 207.0 109 188
0304 119.0 144.0 164 278
0304 333.5 126.0 197 288
0309 304.0 60.0 140 366
0309 112.5 138.0 177 282
0225 195.5 221.0 127 164
0225 438.5 211.0 117 182
0416 59.5 138.5 183 275
0419 334.5 132.5 193 279
0419 115.0 215.5 196 203
0385 16.0 121.0 222 238
0385 298.5 154.5 225 261
0404 442.0 164.0 180 248
0414 60.0 142.5 162 281
0414 368.0 140.0 182 278
0417 68.0 140.0 176 274
0398 404.0 176.5 208 227
0428 148.5 145.5 165 287
0428 300.5 260.0 99 164
0426 127.5 147.0 185 280
0383 11.5 140.5 225 251
0383 286.0 144.0 236 274
0433 91.0 152.0 166 272
0433 310.5 132.5 195 285
0429 161.0 149.5 182 275
0429 310.5 243.0 139 164
0373 87.5 122.5 173 299
0373 356.0 140.0 202 276
0415 58.0 136.5 168 283
0415 380.0 145.5 174 275
0380 154.0 120.0 194 298
0380 331.0 152.5 164 269
0379 158.5 119.0 163 304
0379 339.0 155.0 156 260
0368 88.5 144.0 171 276
0368 343.0 136.0 248 290
0430 157.0 143.0 166 284
0430 291.0 139.0 178 276
0424 111.0 172.0 156 260
0424 303.5 251.0 205 176
0395 438.5 152.5 169 265
0395 8.5 274.5 193 131
0431 131.0 180.5 154 237
0431 288.0 130.0 188 280
0407 453.0 162.0 152 250
0407 89.0 245.0 102 164
0425 138.0 163.0 366 272
0423 137.5 174.0 169 260
0423 349.0 234.0 130 174
0390 421.0 135.5 162 277
0390 34.0 105.5 168 217
0388 -4.0 83.5 246 237
0388 401.0 152.5 158 253
0381 158.0 121.5 192 301
0381 409.5 148.5 89 153
0400 419.5 172.0 175 232
0413 58.5 148.0 161 278
0413 385.0 144.5 148 273
0386 12.0 91.0 238 242
0386 444.0 205.5 72 203
0403 437.5 191.0 183 218
0397 405.5 168.5 207 243
0367 95.0 134.0 164 286
0367 371.5 124.0 203 296
0406 98.5 249.5 115 157
0406 449.0 148.5 158 271
0384 18.5 129.5 215 231
0384 311.5 153.5 209 269
0375 107.5 128.0 163 298
0375 274.5 143.0 255 258
0408 53.5 213.0 169 198
0408 409.0 169.0 202 240
0392 438.0 146.5 162 271
0399 407.5 170.5 197 231
0389 427.5 144.5 145 269
0389 15.5 93.0 197 226
0366 367.5 119.5 207 299
0366 94.5 112.5 163 309
0393 426.5 152.0 175 262
0393 -1.0 170.0 186 200
0405 454.0 148.5 156 269
0405 97.5 265.5 121 149
0374 89.5 120.5 173 305
0374 335.5 136.5 201 285
0412 48.0 156.0 164 264
0412 370.0 146.0 204 272
0409 52.5 202.5 163 211
0409 396.0 196.5 214 209
0391 432.5 148.0 159 270
0394 -3.5 231.0 217 176
0394 441.5 151.0 161 264
0382 78.0 158.5 166 259
0382 266.5 158.5 213 255
0369 88.5 140.0 171 282
0369 359.5 138.5 207 285
0427 149.0 154.5 146 269
0371 94.5 126.5 167 301
0371 358.5 141.5 207 277
0401 436.0 164.5 150 245
0422 183.0 178.0 174 242
0411 46.0 158.5 158 263
0411 365.0 155.5 224 259
0377 139.0 147.5 162 277
0377 314.5 135.0 203 276
0402 432.5 156.5 183 261
0432 92.5 170.5 163 257
0432 325.5 138.5 167 271
0370 92.5 136.5 167 287
0370 351.5 142.5 217 279
0376 109.5 142.5 187 285
0376 265.5 145.5 273 257
0421 166.0 202.5 182 215
0421 333.5 201.5 155 209
0378 151.0 131.5 168 297
0378 325.0 141.5 160 271
0372 88.0 114.0 178 312
0372 374.5 131.5 181 291
0410 48.0 166.5 158 251
0410 371.0 156.5 222 255
0420 150.0 195.0 172 228
0420 322.0 130.0 184 282
0387 -3.5 87.0 239 240
0387 438.0 224.5 86 189
0396 411.5 160.5 209 249
0418 83.0 150.0 180 272
0418 322.5 131.5 207 281
0510 164.0 123.0 176 294
0510 310.5 134.0 179 288
0446 92.0 125.5 180 293
0446 427.0 233.5 94 175
0491 84.5 139.0 173 286
0491 364.0 116.5 184 303
0505 192.0 151.0 170 274
0457 67.5 140.5 175 281
0457 382.5 150.5 147 255
0470 306.0 116.0 198 302
0452 64.5 148.0 181 268
0452 317.0 155.5 226 255
0494 114.0 182.5 176 239
0494 359.0 132.5 152 283
0455 78.0 140.0 158 280
0525 73.0 216.0 168 204
0525 230.0 175.0 268 218
0519 143.5 137.0 147 284
0531 136.0 186.5 136 229
0531 375.5 167.5 179 265
0526 91.5 216.0 147 204
0526 287.5 188.0 241 230
0440 96.0 146.5 170 277
0440 369.5 120.5 185 301
0527 100.0 196.5 150 227
0527 319.5 190.0 207 254
0509 168.0 123.0 172 296
0450 55.5 147.5 197 269
0450 280.0 153.0 254 260
0487 96.5 141.5 165 291
0459 71.5 126.5 175 295
0459 380.5 135.5 159 277
0518 139.5 136.5 179 287
0443 84.0 143.0 176 276
0506 165.5 149.5 181 273
0506 323.5 127.0 159 292
0507 168.5 145.5 177 279
0507 319.0 135.0 164 284
0524 63.0 221.0 158 200
0453 66.0 152.0 178 266
0498 165.0 210.0 188 214
0511 164.0 121.0 156 298
0511 292.5 113.5 191 313
0473 140.5 180.0 159 248
0473 270.0 147.5 214 277
0475 141.5 159.5 363 259
0493 89.5 132.5 169 293
0466 110.5 132.0 163 290
0466 310.5 126.0 221 286
0472 199.5 124.0 225 294
0463 78.0 132.5 170 289
0463 373.5 134.5 191 281
0515 119.5 140.5 187 281
0515 309.0 58.5 186 377
0449 70.5 146.5 181 275
0449 280.0 148.5 280 267
0478 156.0 149.5 198 275
0483 99.5 176.0 169 252
0483 329.0 121.5 190 293
0522 39.0 218.5 178 201
0490 84.0 144.5 174 281
0490 376.0 113.0 176 310
0479 152.0 144.0 172 282
0479 292.0 202.0 176 214
0504 191.5 201.5 171 227
0461 71.5 113.5 177 311
0461 399.5 137.5 161 275
0496 147.5 209.0 219 216
0520 30.0 211.0 194 204
0520 284.5 91.0 179 350
0492 85.0 135.0 176 292
0492 369.0 117.5 182 309
0447 94.5 127.5 177 293
0513 158.5 145.0 163 284
0513 314.0 139.5 180 273
0454 74.0 146.5 166 271
0454 371.0 184.0 166 234
0530 132.5 189.0 141 226
0530 371.0 167.0 182 270
0467 115.5 126.5 171 287
0467 300.5 130.5 227 283
0528 109.5 195.0 153 228
0528 340.5 177.0 193 270
0465 98.5 146.5 169 277
0465 410.5 227.0 121 182
0495 295.5 125.0 231 286
0495 140.0 210.0 174 210
0448 91.0 130.0 170 294
0471 261.5 126.5 215 297
0512 160.5 129.0 161 294
0512 287.5 108.0 199 320
0482 93.5 176.5 167 251
0482 319.5 135.0 189 282
0439 98.5 142.5 173 279
0439 365.5 124.0 179 292
0502 190.0 204.0 180 220
0456 65.5 138.0 175 286
0456 401.5 229.0 113 178
0521 15.0 233.5 184 181
0521 255.5 124.5 231 293
0468 161.0 126.0 134 290
0468 293.5 120.5 243 289
0480 153.0 110.5 326 313
0435 112.5 155.0 155 270
0435 332.0 123.0 190 292
0481 92.5 175.5 169 249
0481 294.5 122.0 187 294
0460 71.5 114.0 173 310
0460 382.5 136.5 167 277
0500 174.0 208.5 180 215
0499 166.0 212.0 174 212
0474 131.5 111.5 375 323
0484 115.0 173.0 154 252
0484 345.5 122.0 175 294
0501 183.0 203.0 184 224
0501 346.0 222.5 124 189
0485 112.0 152.0 154 274
0485 342.0 120.0 188 300
0464 84.5 149.5 173 269
0464 386.0 133.5 178 283
0503 190.0 205.5 168 219
0437 109.0 149.0 162 276
0437 347.5 117.5 177 305
0516 122.5 143.5 189 279
0516 338.0 115.0 88 304
0469 196.0 127.0 132 290
0469 313.0 123.5 210 289
0486 105.0 147.0 162 282
0486 338.0 118.5 198 303
0441 88.5 150.0 177 274
0441 369.0 124.0 188 300
0438 106.0 147.5 164 277
0438 361.5 117.5 177 303
0517 129.0 139.0 190 286
0517 297.0 78.5 132 343
0488 94.0 144.0 162 280
0462 72.5 119.0 171 304
0462 388.5 141.5 179 271
0451 55.0 153.0 198 262
0451 285.0 144.5 256 277
0442 83.5 146.5 181 277
0442 372.0 121.0 184 306
0445 89.5 127.5 175 289
0445 420.5 229.0 103 182
0444 90.0 133.5 174 289
0444 386.0 111.5 150 307
0434 99.5 153.5 167 273
0434 332.0 126.0 184 292
0489 86.0 143.0 178 284
0489 371.0 116.5 180 307
0514 147.0 141.5 170 285
0514 314.0 143.5 190 265
0508 169.5 143.5 173 281
0508 313.5 132.5 171 285
0436 114.5 152.0 151 270
0436 347.0 126.0 174 288
0497 154.0 211.0 214 218
0529 118.5 190.0 147 228
0529 360.5 175.5 193 255
0477 177.5 154.5 271 269
0458 66.5 131.5 181 289
0476 142.0 157.5 248 263
0523 57.0 221.0 164 198
0523 201.5 151.0 321 246
0533 127.5 185.0 129 232
0533 402.5 177.5 167 249
0553 261.5 136.0 243 304
0557 219.5 86.0 285 320
0560 187.5 184.0 337 252
0558 206.5 117.0 295 246
0556 217.5 98.5 289 301
0540 168.0 150.0 180 274
0548 265.0 161.5 142 239
0543 240.0 133.0 174 286
0541 202.5 151.5 139 273
0541 317.0 183.5 112 271
0550 212.0 119.0 208 244
0551 229.0 182.5 196 249
0538 132.0 137.0 214 278
0538 335.5 139.5 179 283
0534 129.0 166.5 124 251
0534 423.5 147.0 153 274
0552 202.0 132.5 230 307
0537 108.0 148.0 162 280
0537 358.5 129.5 135 305
0559 235.0 152.0 268 232
0554 268.0 187.0 210 254
0536 117.5 156.5 137 269
0536 376.5 145.5 151 277
0547 282.5 220.0 91 168
0542 298.5 153.0 143 290
0532 135.5 186.5 135 231
0532 384.0 168.5 188 269
0544 230.5 170.0 95 236
0539 148.5 145.5 349 275
0549 267.0 149.5 118 171
0555 248.5 132.0 241 304
0546 273.5 190.5 105 185
0535 124.0 187.0 136 228
0535 427.5 139.5 155 279
0545 253.5 190.0 195 180
