0171 379.5 135.5 177 285
0171 128.5 148.0 201 282
0370 319.5 233.5 183 219
0175 389.0 145.5 172 273
0175 131.0 173.0 150 256
0139 130.5 151.0 167 270
0139 280.5 266.0 191 148
0317 443.0 141.5 166 281
0317 141.0 146.0 156 278
0257 125.5 191.5 171 231
0172 144.5 169.0 217 260
0172 385.5 126.5 163 293
0052 512.0 227.0 84 156
0052 41.0 240.5 96 139
0145 122.5 165.5 191 267
0145 340.0 148.5 148 277
0121 104.0 152.5 354 269
0358 170.0 104.0 192 274
0017 104.5 136.5 195 281
0017 367.5 130.5 191 289
0414 354.5 211.0 219 180
0414 49.0 200.5 158 197
0038 501.0 127.0 140 304
0249 132.5 186.0 167 234
0088 400.5 165.0 201 250
0088 74.5 204.5 159 193
0286 24.0 178.0 180 250
0388 419.5 131.5 209 293
0391 428.0 136.5 200 285
0118 299.5 154.0 217 262
0041 548.5 164.0 93 248
0040 559.0 144.5 78 283
0302 113.0 207.5 324 217
0323 409.0 150.5 144 273
0141 319.0 196.0 186 220
0141 74.5 190.0 167 226
0152 106.5 165.5 191 269
0152 347.5 155.0 161 156
0107 152.0 190.5 150 221
0107 331.5 190.0 171 222
0133 335.5 148.0 157 272
0170 152.0 154.0 252 262
0170 371.0 147.5 174 273
0271 140.0 189.0 162 234
0296 68.0 150.0 182 274
0045 501.0 205.0 112 192
0143 106.0 197.5 158 219
0106 328.0 186.5 156 229
0106 162.0 183.5 146 233
0059 507.5 265.5 87 117
0059 56.0 239.5 116 143
0382 387.5 144.0 225 278
0328 333.0 142.0 144 282
0140 323.0 260.5 178 155
0278 358.0 194.0 208 226
0278 112.0 198.5 154 219
0389 420.5 135.5 211 285
0331 214.0 217.5 146 201
0283 125.0 200.5 184 219
0283 341.5 176.5 161 251
0028 49.5 153.0 229 248
0384 398.5 147.0 217 274
0270 138.0 192.0 156 232
0270 386.0 283.0 150 136
0162 99.5 164.5 173 269
0162 370.5 157.0 161 256
0390 425.0 136.0 206 286
0309 340.0 159.0 248 286
0309 154.0 213.5 224 207
0120 151.0 140.5 172 287
0120 323.0 217.5 154 199
0087 84.0 214.5 150 183
0087 392.0 187.0 210 230
0276 132.0 188.0 152 234
0276 381.0 202.5 182 215
0018 110.0 139.0 188 282
0018 364.0 143.0 194 278
0285 38.5 94.0 469 350
0048 503.0 222.0 92 172
0251 134.0 163.5 186 253
0241 114.0 138.0 208 288
0369 323.0 234.5 188 219
0314 382.5 146.0 175 284
0272 137.5 193.0 151 232
0084 359.5 197.5 217 207
0043 526.5 190.0 111 220
0023 94.5 137.0 185 288
0023 378.5 127.0 173 300
0324 391.5 144.5 153 279
0324 216.5 135.5 139 263
0332 382.5 288.5 137 131
0077 460.0 172.5 136 235
0099 148.0 182.5 246 247
0353 321.5 211.0 177 208
0164 376.0 146.5 176 277
0164 104.0 153.0 206 266
0399 440.0 137.5 186 285
0399 -5.0 207.5 146 217
0244 114.0 175.5 218 251
0244 375.0 223.5 170 201
0111 347.0 187.5 170 223
0111 167.0 186.5 136 235
0299 106.0 175.0 310 254
0267 135.0 197.5 154 225
0114 161.0 185.0 190 240
0114 362.0 153.5 178 263
0082 411.0 216.5 214 191
0274 131.5 191.5 155 231
0239 102.5 135.5 169 285
0239 350.0 148.0 166 278
0117 114.5 185.5 191 239
0117 336.0 145.0 186 276
0395 435.5 128.0 197 294
0375 292.0 45.0 190 402
0098 319.5 117.5 175 301
0054 519.0 258.0 76 128
0054 64.0 237.5 88 143
0345 370.5 146.0 159 266
0345 206.5 139.0 133 276
0322 244.0 40.5 160 235
0248 126.5 187.0 191 228
0020 100.5 138.5 173 281
0020 368.5 135.5 181 287
0252 146.0 157.5 222 265
0308 153.5 206.0 211 216
0092 413.0 156.0 204 270
0092 61.0 171.0 136 234
0019 110.0 140.5 192 279
0019 371.0 135.0 180 288
0160 92.5 142.5 171 285
0160 350.5 163.0 169 240
0037 490.0 151.0 146 276
0101 126.0 199.0 304 220
0294 58.5 145.5 195 277
0294 426.5 130.5 175 291
0247 119.5 186.0 205 228
0015 98.5 135.0 181 282
0015 360.5 133.0 197 284
0112 348.5 166.0 171 248
0112 165.5 198.0 139 226
0128 279.5 190.5 245 241
0301 112.0 202.0 316 220
0097 50.5 175.5 269 223
0097 375.0 98.5 158 287
0029 45.5 138.0 233 224
0086 371.0 185.0 178 230
0153 111.0 151.5 186 273
0311 159.0 190.0 212 240
0311 349.5 155.5 221 289
0340 373.0 217.0 160 200
0340 161.0 165.0 144 244
0363 238.5 202.0 273 242
0291 60.0 143.5 194 279
0291 426.5 119.0 157 300
0419 117.0 208.0 186 194
0419 334.0 196.0 96 208
0346 370.5 149.0 159 266
0346 199.0 134.5 138 273
0393 440.5 129.5 187 291
0411 442.5 202.0 167 198
0411 28.0 207.0 168 186
0320 389.5 137.5 175 279
0030 226.5 197.0 263 216
0030 59.5 122.5 201 215
0362 239.0 190.5 156 251
0268 132.5 195.0 161 230
0265 142.0 210.0 360 218
0159 89.0 146.0 160 282
0405 440.5 172.0 157 234
0405 10.0 217.5 158 189
0177 393.0 137.5 144 285
0146 128.5 151.5 293 271
0033 382.0 192.0 198 244
0033 7.5 130.5 219 203
0403 407.0 171.5 212 239
0403 2.0 269.5 112 141
0105 262.0 184.0 236 246
0093 417.5 147.0 203 280
0093 59.5 170.0 131 240
0176 401.5 141.0 157 278
0168 138.0 157.0 154 260
0168 326.5 126.0 207 300
0090 417.0 156.5 178 261
0091 412.5 161.0 187 258
0091 62.5 178.5 145 221
0163 103.5 131.5 209 305
0163 376.0 157.0 168 262
0144 110.5 191.0 155 224
0144 380.0 165.0 144 240
0075 448.0 168.5 142 243
0135 100.5 154.0 161 268
0135 351.5 110.5 153 313
0032 349.5 191.0 213 234
0032 21.5 103.5 219 207
0420 224.0 299.5 58 147
0137 283.0 80.0 244 336
0137 114.5 148.5 185 273
0051 510.5 229.5 87 155
0336 218.0 181.0 296 248
0381 387.0 143.5 220 273
0392 435.5 131.0 195 292
0290 64.0 144.0 184 280
0290 420.0 111.0 168 328
0258 126.0 191.5 182 233
0258 371.5 222.5 161 193
0254 294.0 248.0 242 178
0269 140.5 191.5 153 233
0292 60.0 148.5 192 279
0292 431.0 117.5 158 305
0021 109.5 144.5 189 277
0021 380.5 128.0 175 302
0307 316.0 172.5 298 269
0413 400.0 195.0 196 188
0413 42.0 202.5 154 195
0053 514.5 227.5 79 155
0053 61.5 230.5 91 151
0355 354.5 215.5 161 199
0341 362.5 219.0 177 198
0341 145.5 168.5 163 233
0316 140.0 187.0 168 236
0397 434.5 137.0 201 290
0397 1.5 249.0 249 184
0401 428.0 152.5 190 265
0179 118.5 160.0 133 278
0079 479.0 210.5 106 185
0260 131.0 180.5 180 237
0089 413.5 161.5 175 253
0083 416.0 269.0 186 142
0343 209.0 169.5 136 239
0343 336.0 177.0 168 244
0151 86.5 146.5 179 285
0337 239.5 206.5 277 221
0410 472.0 201.5 154 193
0410 32.5 206.5 155 187
0319 417.0 136.5 190 273
0319 135.0 61.0 188 284
0104 257.0 180.5 248 257
0057 59.5 239.0 97 140
0057 512.0 233.0 82 150
0130 329.0 163.0 158 246
0130 118.5 191.0 181 232
0109 161.0 191.5 150 233
0109 335.0 190.5 186 231
0035 2.0 202.5 222 213
0035 439.5 165.0 187 280
0243 121.5 184.0 179 238
0058 60.0 241.0 98 138
0058 511.5 228.5 81 159
0108 155.0 183.5 144 233
0108 333.0 200.5 182 213
0383 392.0 149.5 220 271
0409 55.0 197.5 104 207
0409 470.5 190.0 157 202
0154 69.0 120.0 398 320
0295 433.0 130.0 86 304
0295 65.0 150.5 186 273
0238 96.0 128.5 184 289
0238 368.0 144.5 172 275
0398 453.0 150.5 188 267
0356 262.5 196.5 311 235
0344 312.0 162.5 190 247
0156 188.0 192.5 284 225
0039 504.0 103.0 136 338
0081 449.5 205.5 157 197
0297 80.0 145.0 182 282
0407 451.5 181.5 169 219
0407 36.0 206.0 156 200
0338 292.0 218.0 274 208
0338 223.5 203.5 105 193
0042 552.0 172.5 88 257
0065 340.5 196.5 153 205
0065 239.0 225.0 80 150
0122 76.5 127.5 417 311
0313 153.5 148.0 163 276
0279 346.5 188.0 215 236
0279 113.5 193.0 151 228
0394 436.5 127.0 185 294
0250 147.5 161.5 231 255
0181 102.5 83.0 351 372
0350 340.0 155.0 164 268
0350 188.0 129.0 102 278
0415 355.5 210.0 205 182
0415 62.5 197.5 153 203
0335 333.0 196.0 176 222
0359 194.5 107.5 159 255
0418 91.5 201.5 187 201
0305 271.5 192.0 289 226
0275 133.0 189.5 152 233
0275 383.5 185.5 171 233
0070 94.5 192.5 157 161
0070 386.5 194.5 159 213
0329 322.0 146.0 158 276
0246 113.0 199.5 196 211
0026 94.0 138.5 186 283
0026 332.5 47.5 153 385
0036 460.0 171.0 174 268
0036 35.5 204.0 185 214
0062 407.5 236.0 155 142
0289 53.0 141.0 170 288
0280 111.5 194.0 155 228
0280 349.5 180.5 213 247
0282 353.5 137.5 189 291
0282 116.5 189.5 179 231
0116 361.5 147.5 173 267
0116 132.5 214.0 181 202
0330 231.5 221.0 101 174
0408 463.5 199.0 165 198
0408 52.5 199.0 107 210
0374 315.5 40.5 187 449
0273 134.5 185.0 159 238
0131 139.5 151.0 163 274
0386 420.5 131.5 191 291
0288 45.5 170.5 169 259
0123 266.5 142.5 191 273
0072 432.0 165.0 146 246
0240 107.0 138.0 190 284
0240 305.0 202.5 162 201
0253 89.0 189.5 170 237
0253 222.5 216.0 309 212
0119 306.0 152.5 206 265
0377 289.5 51.5 193 387
0031 259.5 204.0 259 204
0031 42.5 104.0 195 224
0396 448.5 142.0 195 278
0095 46.0 171.5 150 235
0095 436.5 147.0 175 278
0096 45.5 167.5 165 241
0096 441.0 139.5 128 283
0347 214.0 130.0 310 290
0255 114.5 197.5 187 223
0255 299.0 258.0 142 118
0061 465.5 246.5 117 139
0061 86.0 246.5 148 129
0044 502.0 196.0 136 210
0055 516.5 235.5 77 147
0022 93.5 136.0 187 288
0022 374.0 128.0 172 296
0050 54.5 249.0 77 144
0050 514.5 282.5 81 107
0056 61.0 235.0 96 148
0056 519.0 232.5 72 151
0046 503.0 212.5 96 181
0060 482.0 249.5 106 139
0034 407.5 178.5 207 257
0034 7.5 168.0 223 194
0024 94.5 140.0 177 284
0024 398.5 124.5 159 299
0025 99.0 134.0 174 290
0025 401.0 116.5 122 311
0016 94.5 137.0 189 282
0016 364.0 132.0 194 290
0027 110.0 132.0 196 294
0027 271.0 60.5 194 371
0161 361.5 165.0 181 242
0161 99.0 147.0 166 280
0103 249.5 194.5 257 221
0167 170.5 150.0 161 270
0134 79.5 158.5 181 263
0174 137.5 162.0 151 276
0174 395.0 140.5 154 283
0165 123.5 176.0 193 250
0165 379.0 133.5 166 291
0080 479.0 205.0 110 200
0094 428.5 150.0 191 272
0094 49.5 165.5 143 241
0173 132.5 145.5 175 281
0173 388.5 129.0 165 288
0127 268.5 179.5 231 245
0069 387.5 244.0 129 156
0136 291.5 73.5 227 351
0136 109.5 143.0 203 280
0102 174.5 199.0 295 214
0110 163.0 196.0 140 224
0110 340.5 191.5 171 217
0155 180.5 193.5 281 223
0071 72.5 160.0 171 168
0071 401.0 185.5 154 231
0129 101.5 148.5 231 273
0150 67.0 169.0 182 260
0063 366.0 260.0 172 120
0063 178.5 226.5 111 157
0158 316.0 210.5 184 199
0158 77.0 170.0 170 262
0076 455.5 166.0 139 242
0124 128.0 144.0 180 286
0124 292.0 143.5 166 283
0138 137.0 128.5 164 289
0085 333.5 196.0 235 212
0085 80.5 250.0 117 146
0142 88.5 199.5 155 215
0166 163.0 172.5 142 237
0166 365.0 138.0 186 286
0157 257.0 201.5 232 205
0169 322.0 130.5 214 297
0169 192.5 148.0 139 270
0100 127.0 192.0 278 226
0073 440.0 165.5 144 247
0113 164.5 183.5 187 237
0113 344.5 157.5 177 255
0115 365.0 159.5 172 251
0115 155.0 190.5 206 229
0304 253.5 187.5 341 231
0300 117.0 195.0 292 228
0277 121.5 196.5 167 219
0277 376.5 176.0 189 254
0281 122.5 191.0 165 232
0306 292.0 174.0 328 260
0284 49.5 197.0 175 226
0259 125.5 189.0 179 228
0298 75.5 147.0 181 280
0298 314.0 65.0 206 354
0315 158.0 159.5 194 259
0315 397.5 145.0 163 280
0321 396.5 132.5 159 279
0321 172.5 49.0 187 242
0293 57.0 143.5 198 275
0293 425.5 131.0 181 290
0256 121.5 195.5 179 225
0242 133.5 141.0 167 288
0245 109.5 189.5 215 229
0266 128.0 201.5 162 217
0261 138.0 176.0 176 244
0318 143.0 128.0 150 278
0318 442.0 133.0 168 288
0339 371.5 217.5 189 203
0402 417.5 165.0 201 248
0348 377.5 209.0 157 212
0348 186.0 124.5 148 281
0406 450.5 177.0 163 226
0406 28.5 211.0 163 196
0351 321.0 178.5 194 241
0351 187.5 127.5 105 273
0417 75.5 193.0 179 214
0417 339.0 176.0 182 226
0387 421.0 125.5 192 301
0400 444.5 144.5 173 277
0412 437.5 201.5 165 195
0412 38.5 201.5 151 195
0354 331.5 187.0 173 238
0416 361.0 197.5 190 201
0416 77.0 194.0 154 206
0349 347.0 154.0 162 266
0349 187.5 129.0 105 272
0361 232.5 173.5 277 267
0404 415.0 171.5 194 235
0342 342.0 202.0 176 224
0342 162.0 166.5 178 247
0385 410.0 138.0 204 284
