0264 235.0 167.0 248 264
0261 367.0 142.5 172 279
0261 187.5 50.0 177 390
0263 279.5 150.0 261 268
0234 386.0 111.0 142 276
0234 87.5 167.5 183 267
0175 372.5 148.0 171 274
0175 148.5 149.0 175 274
0214 224.0 56.0 374 368
0174 376.5 145.5 169 275
0174 140.0 154.5 184 269
0240 96.5 122.5 189 307
0240 408.0 148.0 130 276
0182 322.0 176.0 176 256
0182 113.0 120.0 184 304
0183 109.5 127.5 205 303
0183 330.0 187.5 148 247
0228 119.0 130.0 200 308
0193 152.5 175.0 153 250
0193 343.5 197.0 153 234
0230 61.0 175.0 186 252
0270 337.0 145.0 184 274
0219 135.0 110.0 204 322
0237 379.5 123.5 147 289
0237 101.5 136.5 207 281
0206 236.0 128.5 174 291
0229 267.5 121.5 229 301
0192 337.5 195.5 159 231
0192 143.5 177.0 149 250
0204 210.5 118.0 209 310
0190 130.0 178.5 168 251
0190 295.0 194.5 168 233
0246 182.5 139.0 175 296
0246 357.5 211.0 195 230
0196 156.5 146.0 195 282
0196 339.0 212.0 164 224
0254 280.0 137.5 264 285
0191 324.0 193.0 164 236
0191 150.5 177.0 153 250
0242 118.5 104.5 265 329
0242 376.5 153.0 175 268
0258 373.0 135.5 184 289
0258 181.5 73.5 165 349
0248 209.0 140.0 226 282
0199 297.0 215.5 246 205
0226 332.0 111.5 140 303
0226 122.0 106.5 186 315
0244 136.0 111.5 244 315
0244 350.0 149.5 244 273
0232 81.5 166.5 173 267
0224 349.5 129.5 155 285
0224 126.0 110.5 168 313
0249 192.5 147.0 273 280
0276 95.0 70.5 448 331
0201 354.5 239.0 111 170
0225 343.0 117.0 140 274
0225 123.5 109.0 181 318
0220 126.5 117.0 191 312
0220 378.0 148.0 186 270
0208 321.0 185.5 166 231
0255 370.0 146.0 200 266
0227 122.5 108.5 191 317
0207 246.0 144.5 184 103
0278 348.5 69.5 207 331
0272 123.0 141.0 198 284
0272 347.5 142.5 221 277
0194 339.5 193.0 159 246
0194 153.5 149.5 153 277
0256 365.5 142.5 211 281
0256 174.5 110.5 205 333
0210 196.5 159.5 259 283
0173 389.0 136.5 188 281
0173 101.0 208.0 244 212
0268 331.5 136.5 195 293
0268 162.5 182.5 197 255
0266 166.5 207.5 227 229
0266 357.0 143.5 200 275
0185 300.5 163.5 165 279
0203 342.5 241.0 171 192
0252 238.5 151.0 253 278
0218 398.5 159.0 209 256
0218 148.5 118.0 217 312
0215 196.5 138.5 171 295
0215 371.5 153.5 173 245
0236 385.0 113.0 148 302
0236 96.0 147.0 230 282
0178 116.5 122.5 223 295
0178 351.5 182.5 161 241
0274 148.0 129.0 210 304
0274 359.0 212.0 186 180
0243 353.5 148.5 203 269
0243 106.5 111.5 259 319
0238 379.5 139.5 151 279
0238 110.0 118.5 184 307
0198 330.0 221.5 192 199
0198 163.5 125.5 181 295
0262 363.5 145.0 129 282
0267 352.0 148.0 200 270
0267 172.0 196.0 196 234
0257 382.5 150.0 185 270
0257 183.5 100.5 167 335
0180 322.5 154.5 189 271
0180 117.0 113.0 186 314
0277 374.5 49.0 159 374
0277 88.5 60.5 195 269
0231 73.0 174.0 178 256
0235 386.0 114.5 142 297
0235 95.0 150.5 230 277
0250 173.0 170.5 286 261
0273 122.5 134.0 221 288
0273 303.5 152.5 265 261
0245 149.5 113.0 215 330
0177 383.0 154.0 136 270
0177 117.0 119.5 234 303
0181 322.0 158.5 212 265
0181 115.0 120.5 188 303
0247 331.0 233.0 160 176
0247 180.0 193.0 156 238
0233 92.0 161.5 168 277
0202 207.5 120.0 149 310
0211 171.5 137.5 295 299
0259 381.0 145.0 180 276
0259 191.0 61.5 142 369
0217 165.0 114.5 234 313
0217 409.0 146.5 210 267
0271 318.5 143.0 209 288
0271 132.5 142.5 189 289
0381 418.0 173.5 190 259
0384 398.0 222.0 210 194
0384 152.5 172.0 59 90
0284 356.0 276.0 164 140
0351 264.5 154.0 199 270
0367 374.0 215.0 164 208
0360 101.0 139.0 220 252
0321 90.5 129.5 245 309
0333 192.5 140.0 177 288
0379 408.0 194.5 190 231
0379 -0.5 171.5 133 293
0329 341.0 231.0 182 180
0329 168.5 229.0 125 190
0332 157.5 121.5 243 313
0332 358.0 264.5 200 153
0325 61.0 125.0 244 310
0325 411.5 201.0 143 232
0289 370.0 273.0 80 146
0337 184.5 152.5 251 265
0344 280.5 205.0 153 232
0318 84.5 145.5 275 287
0283 384.0 289.0 186 118
0283 213.5 17.0 93 162
0290 372.5 285.0 105 138
0331 139.0 111.0 274 318
0348 257.0 167.0 194 242
0369 405.0 226.0 196 194
0369 354.0 222.5 96 59
0376 19.5 183.5 285 257
0376 436.5 208.5 179 213
0311 305.5 171.0 139 260
0311 35.5 258.0 203 184
0280 397.5 244.0 75 154
0307 339.0 140.5 176 283
0352 337.0 172.0 132 256
0296 195.0 158.5 230 253
0378 416.0 201.5 194 227
0378 3.0 156.5 162 293
0371 379.5 198.0 197 214
0340 95.0 197.0 332 236
0326 393.0 193.0 152 244
0326 93.5 138.0 223 292
0293 350.0 249.5 102 159
0320 445.5 235.0 113 182
0320 113.0 132.5 230 307
0386 398.5 226.5 205 193
0386 37.0 184.0 160 236
0288 380.5 272.5 93 143
0372 392.0 196.0 182 212
0327 390.0 193.5 140 245
0327 105.0 120.0 204 318
0385 393.5 225.5 183 189
0385 32.0 178.0 144 254
0345 279.0 192.0 160 232
0375 432.5 201.5 179 213
0382 16.5 243.0 127 168
0382 415.0 187.0 200 250
0365 377.5 208.5 157 223
0292 356.0 281.5 110 145
0287 391.0 245.5 118 167
0314 331.0 268.5 182 139
0314 109.5 149.5 187 277
0368 373.0 216.5 178 205
0291 363.0 289.5 94 131
0291 154.5 71.0 199 100
0306 347.0 136.0 164 286
0306 193.5 229.5 165 109
0357 116.5 181.0 225 266
0350 269.5 139.5 229 295
0313 82.0 186.0 192 252
0313 279.5 237.0 201 176
0294 332.5 233.0 99 172
0317 97.5 136.5 211 297
0317 18.0 151.5 76 125
0317 322.5 202.5 225 217
0364 30.0 159.5 290 237
0364 373.0 213.0 156 208
0286 381.5 233.5 95 181
0328 378.0 206.5 140 235
0328 104.5 118.0 207 334
0323 86.0 137.0 234 298
0323 429.5 209.0 111 222
0315 380.0 276.5 102 125
0315 108.5 147.5 153 271
0373 419.5 192.5 185 227
0338 163.0 203.0 302 218
0309 57.5 254.0 159 198
0309 292.5 191.0 235 224
0335 154.5 143.5 245 285
0285 377.0 280.5 116 127
0322 87.0 139.5 236 295
0316 0.0 153.5 72 123
0324 91.0 136.5 224 297
0324 425.5 217.0 107 206
0377 434.0 212.5 174 201
0347 257.5 170.5 189 261
0330 322.5 222.0 203 196
0380 415.0 175.5 190 253
0380 3.0 260.0 112 174
0349 252.0 167.5 252 269
0356 122.0 231.5 204 221
0308 313.5 174.5 221 255
0308 105.5 270.0 121 176
0355 183.0 322.5 108 141
0366 385.0 211.5 152 223
0341 256.5 196.0 151 242
0312 312.5 199.0 139 224
0312 60.5 246.5 201 179
0319 113.0 138.5 240 299
0319 55.0 153.5 72 119
0310 304.0 153.5 148 291
0346 267.0 182.0 176 252
0383 402.5 216.5 221 205
0383 11.0 207.0 162 206
0295 226.0 184.0 190 240
0391 32.5 163.5 219 249
0391 435.0 253.0 164 170
0409 190.5 147.0 153 266
0409 11.0 154.0 84 122
0393 60.0 166.0 188 244
0397 438.5 245.5 173 157
0397 71.0 161.0 178 250
0390 28.5 170.0 211 242
0390 438.0 252.5 164 171
0408 185.0 135.5 158 285
0388 45.5 164.0 163 254
0388 412.5 252.5 211 177
0410 199.5 168.0 251 238
0387 413.5 247.0 197 182
0387 37.5 162.0 177 254
0413 177.0 196.5 190 213
0414 1.0 147.0 54 136
0404 317.0 167.5 220 241
0404 98.5 157.0 219 254
0392 29.5 166.0 225 242
0392 431.5 255.0 159 168
0405 113.0 156.0 228 258
0405 322.0 168.5 192 241
0403 331.5 189.0 239 226
0403 85.5 148.0 199 270
0394 427.0 253.5 160 171
0394 85.0 162.5 158 247
0400 62.0 157.5 218 257
0400 420.0 141.0 214 286
0396 79.5 161.0 161 254
0396 448.5 247.5 123 181
0389 21.5 165.5 203 249
0389 429.0 247.5 186 181
0398 54.0 162.5 222 249
0398 424.0 213.0 192 216
0401 420.0 125.5 224 315
0401 85.5 150.0 175 268
0395 429.5 257.5 161 167
0395 88.5 165.5 153 249
0412 0.5 156.0 71 120
0412 195.0 187.0 230 242
0402 405.5 141.0 195 288
0402 85.5 148.0 173 274
0406 103.5 151.5 237 267
0406 310.0 186.0 150 234
0399 60.0 161.5 222 251
0399 420.5 129.5 213 305
0499 335.0 134.0 190 284
0499 133.5 113.0 179 314
0495 356.5 117.5 199 307
0495 175.0 115.0 182 316
0497 329.5 99.5 203 331
0497 141.5 119.0 189 310
0512 310.0 157.0 226 246
0512 157.0 125.5 148 319
0483 371.5 115.5 255 325
0483 118.5 133.5 223 285
0502 330.0 141.0 164 294
0502 134.5 118.5 157 305
0494 303.0 130.5 228 277
0484 384.0 116.5 236 317
0484 123.0 125.0 220 288
0488 360.0 145.0 220 286
0488 121.0 184.0 266 236
0525 278.5 134.0 303 280
0493 273.5 138.5 265 275
0500 320.5 129.0 183 292
0500 132.0 117.0 166 308
0503 308.5 152.5 247 269
0503 133.5 114.5 167 313
0505 143.5 104.5 185 339
0520 369.0 142.5 186 257
0520 103.0 133.0 200 292
0506 143.5 115.0 183 332
0498 320.0 108.5 214 317
0498 133.5 126.0 179 296
0517 378.5 160.0 201 244
0517 97.0 135.5 222 305
0496 347.5 108.5 207 319
0496 165.0 117.0 186 304
0522 355.0 128.5 210 277
0492 190.0 140.5 364 287
0510 316.5 170.5 183 231
0510 138.5 126.5 189 313
0515 343.0 150.5 222 253
0515 110.5 118.0 223 330
0486 354.5 131.5 255 307
0486 146.0 139.0 234 276
0521 367.0 145.5 190 257
0521 89.0 132.0 198 296
0507 277.5 188.0 215 226
0513 317.0 150.5 232 247
0513 156.5 129.0 153 312
0504 130.5 114.0 189 314
0504 292.0 165.5 248 247
0481 347.0 133.5 270 297
0481 111.5 132.0 193 284
0485 354.0 112.0 256 322
0485 152.0 130.0 220 286
0491 314.5 133.5 235 301
0523 70.5 125.5 235 303
0523 355.5 128.5 213 275
0511 305.0 158.5 206 249
0511 152.0 115.0 162 328
0487 353.0 141.0 236 292
0487 130.5 154.0 247 268
0518 366.0 154.0 202 250
0518 87.0 133.0 234 306
0482 344.5 122.0 283 316
0482 116.0 137.5 202 279
0501 324.0 143.0 178 280
0501 132.0 120.5 168 303
0526 345.5 155.0 253 254
0489 374.0 138.5 198 291
0489 103.5 198.0 271 222
0514 319.5 145.5 233 257
0514 152.0 126.5 164 307
0480 332.0 142.0 272 282
0480 117.5 134.0 173 280
0524 348.0 134.5 222 271
0527 341.5 148.0 237 284
0490 354.0 146.0 200 278
0490 131.0 217.5 254 201
0519 371.0 143.5 200 261
0519 100.0 131.5 210 307
0516 360.5 154.5 221 253
0516 98.0 121.0 220 326
0509 129.0 122.0 192 322
0586 129.0 206.0 388 214
0582 341.5 203.0 239 226
0582 189.0 137.0 186 278
0614 369.5 148.0 159 254
0614 158.5 213.5 197 217
0565 374.0 146.5 198 267
0565 -2.0 212.5 172 193
0606 375.0 156.0 204 244
0606 88.0 256.0 262 174
0557 405.5 146.5 203 259
0557 14.0 208.5 228 225
0553 368.5 148.0 263 266
0571 414.0 187.5 194 233
0571 14.5 160.5 221 253
0615 362.0 134.5 176 267
0615 93.0 202.0 258 234
0599 78.5 36.5 279 195
0567 404.0 158.5 234 251
0567 35.5 165.0 173 246
0555 355.5 149.5 257 261
0578 341.0 156.5 232 271
0578 158.0 138.0 196 276
0552 397.0 148.0 246 260
0603 350.5 179.0 227 238
0603 98.5 138.0 243 178
0610 335.0 150.5 190 263
0605 375.5 161.0 207 240
0605 81.0 208.0 280 194
0544 405.5 118.0 139 328
0541 376.0 141.5 178 287
0541 29.5 73.0 295 238
0575 404.5 162.5 149 277
0575 88.5 158.0 257 254
0608 366.0 157.5 182 243
0548 448.5 172.5 133 261
0528 305.0 159.5 256 281
0581 272.5 203.5 303 225
0611 342.0 147.5 178 267
0538 349.0 191.0 204 238
0538 37.5 77.0 291 254
0561 377.5 136.5 203 279
0559 413.5 151.0 183 258
0594 372.5 151.0 153 260
0594 99.0 29.5 262 197
0533 223.0 141.5 200 289
0580 284.5 172.5 287 255
0583 281.0 212.0 270 216
0546 426.0 142.5 144 295
0546 6.0 199.5 232 211
0597 388.0 189.0 86 224
0597 90.5 31.5 265 193
0607 363.5 156.5 199 237
0592 373.0 135.5 152 275
0563 364.5 141.5 213 265
0563 5.0 251.0 122 172
0584 162.0 148.0 228 272
0537 333.0 201.5 188 221
0537 56.5 88.0 249 282
0601 359.0 189.5 142 227
0601 86.5 68.0 255 176
0550 408.0 161.5 226 255
0543 397.0 130.0 156 312
0568 418.0 160.0 218 254
0568 30.0 168.0 170 242
0577 369.0 177.5 192 255
0577 138.0 129.0 196 290
0539 367.0 179.0 178 244
0539 38.0 73.0 300 246
0576 377.5 169.5 173 265
0576 119.5 141.0 209 276
0612 342.0 151.0 184 258
0540 400.0 162.5 140 251
0540 51.5 73.0 257 240
0564 370.0 144.5 210 265
0564 2.0 200.5 158 215
0591 376.5 131.5 145 279
0589 367.0 138.0 140 278
0589 143.5 110.0 169 254
0545 405.0 127.5 146 313
0549 440.0 163.5 160 273
0549 17.5 316.5 225 89
0573 48.5 156.5 273 245
0573 427.5 173.0 147 256
0588 344.5 140.0 161 278
0588 179.5 202.5 181 213
0613 370.0 147.5 166 259
0572 427.0 178.0 172 248
0572 50.0 155.0 208 252
0598 387.0 194.5 90 221
0535 316.0 194.0 186 224
0587 306.0 184.0 236 234
0534 205.5 134.5 247 293
0551 423.0 146.5 218 273
0560 411.0 154.0 184 258
0560 -1.5 195.5 155 245
0604 360.5 164.5 225 247
0556 391.0 157.5 222 253
0562 415.0 145.5 168 261
0569 424.5 159.0 215 260
0569 33.0 153.0 164 258
0530 149.5 118.5 273 299
0595 374.0 151.0 148 262
0595 88.5 30.5 275 195
0579 311.5 149.0 247 280
0579 161.5 141.0 189 270
0590 378.5 134.5 139 279
0570 434.0 175.0 200 252
0570 32.5 154.5 163 251
0574 86.0 163.5 272 243
0574 412.0 173.5 146 259
0609 372.5 155.0 169 246
0593 373.0 141.5 154 273
0593 159.0 38.5 210 199
0585 124.0 197.5 290 227
0596 90.5 35.0 283 188
0536 313.5 203.0 211 222
0536 57.5 83.0 243 308
0602 346.0 192.0 172 224
0602 87.5 80.5 263 183
0554 362.5 146.5 245 263
0600 375.5 211.0 113 200
0600 3.0 33.0 360 204
0531 174.0 129.5 224 293
0547 428.0 160.5 146 279
0547 19.5 222.5 217 193
0558 407.5 159.0 195 250
0558 4.5 211.0 251 212
0566 388.0 157.5 228 243
0566 26.5 179.5 165 239
0542 390.0 136.0 166 300
0542 38.5 77.0 265 228
0529 140.0 118.5 268 295
0687 62.5 155.5 135 257
0687 471.0 240.5 166 155
0667 405.5 162.5 159 243
0667 179.0 144.0 258 274
0658 355.5 145.5 151 273
0658 135.0 111.5 172 313
0663 228.5 168.5 271 239
0665 225.0 151.5 314 267
0673 227.5 187.0 209 240
0677 414.0 136.5 184 207
0677 114.5 158.5 223 259
0631 342.5 144.0 237 282
0631 108.5 138.0 255 276
0623 364.0 177.0 228 260
0623 48.5 149.0 163 276
0642 155.0 137.0 318 294
0679 400.0 104.0 200 218
0679 70.0 152.5 236 271
0672 383.0 135.5 146 269
0656 137.0 120.0 170 304
0656 390.5 142.0 121 280
0653 378.0 131.5 182 281
0653 138.5 123.5 189 295
0694 81.0 202.0 240 198
0683 453.0 86.5 184 225
0683 41.5 146.0 221 282
0669 165.0 153.0 192 266
0669 380.0 148.0 170 258
0660 351.5 152.0 159 272
0660 119.5 121.5 213 301
0686 60.5 152.0 143 264
0640 382.5 125.0 153 288
0640 150.0 97.5 248 331
0649 393.5 125.0 167 300
0649 168.5 119.0 205 302
0655 140.0 108.0 166 326
0655 389.0 134.5 134 287
0692 52.0 173.0 180 236
0680 408.0 94.0 200 214
0680 60.0 153.5 246 269
0647 313.0 148.5 138 275
0693 64.5 171.0 189 232
0651 385.0 133.5 172 283
0637 414.0 137.5 186 285
0637 156.5 135.0 205 278
0662 215.5 142.0 313 292
0620 357.0 144.5 250 269
0620 12.5 248.0 189 184
0643 155.0 153.0 310 272
0618 333.0 142.0 250 258
0648 189.5 126.0 149 290
0648 329.5 127.0 205 290
0639 387.5 132.0 179 286
0639 166.0 128.0 184 292
0657 139.5 117.5 167 305
0657 362.5 145.5 137 271
0619 336.5 145.5 259 257
0619 19.0 264.0 172 160
0674 208.0 160.0 224 252
0685 59.5 153.5 149 259
0685 465.5 161.5 165 215
0671 379.5 143.0 145 254
0671 186.5 202.5 185 219
0688 62.5 169.0 141 234
0646 203.0 153.0 248 268
0626 50.5 132.5 165 287
0626 371.5 163.5 251 275
0641 363.0 138.5 142 279
0641 143.0 177.5 258 251
0617 339.5 140.5 227 263
0617 20.0 181.0 182 270
0684 59.5 157.5 157 259
0684 458.5 134.5 175 207
0628 48.0 146.0 228 272
0628 351.0 151.5 252 273
0622 386.0 143.0 186 292
0622 32.5 191.5 177 223
0676 144.0 143.5 230 283
0654 411.5 126.5 119 295
0675 171.0 152.5 220 273
0675 421.5 151.5 169 253
0627 58.0 134.5 194 283
0627 357.5 151.5 251 277
0689 57.5 169.0 137 240
0630 338.0 144.5 238 293
0630 95.0 141.5 222 269
0661 164.5 142.5 223 281
0661 373.0 154.0 168 262
0616 328.5 138.0 207 270
0621 15.0 213.0 190 194
0621 401.5 166.5 221 267
0633 339.5 125.0 253 304
0633 188.0 112.5 160 305
0652 389.0 132.5 166 283
0652 143.5 124.0 177 300
0625 376.5 158.0 243 286
0664 210.5 140.0 335 278
0624 371.5 144.0 227 292
0624 53.5 142.0 149 282
0682 42.0 154.0 220 268
0682 420.0 88.0 226 214
0659 355.5 148.0 153 278
0659 133.0 110.0 180 316
0678 402.0 128.0 198 200
0678 93.0 157.0 232 260
0632 340.0 140.0 250 282
0632 129.5 134.0 217 282
0634 338.0 127.5 246 309
0634 180.5 132.5 171 283
0636 149.5 132.0 205 286
0636 414.0 135.5 198 291
0666 386.5 166.5 157 239
0666 186.5 128.5 181 287
0638 388.5 126.0 179 296
0635 418.5 139.5 203 287
0635 155.0 125.5 222 289
0629 353.0 151.5 246 273
0629 71.5 141.5 225 279
0629 336.5 207.5 27 41
0650 378.0 129.5 188 285
0644 190.0 150.0 258 274
0670 375.5 134.5 163 267
0670 170.5 177.5 195 249
0645 174.0 167.5 286 265
0691 33.0 193.0 208 214
0668 386.0 142.0 180 270
0668 175.5 147.0 179 276
0690 39.0 193.5 178 211
0681 40.0 147.5 254 277
0681 444.0 86.0 174 216
0745 351.5 195.0 153 222
0699 59.5 176.0 193 246
0728 165.5 204.0 309 218
0695 89.5 192.5 227 217
0740 394.0 145.0 116 280
0696 99.5 177.5 167 245
0708 450.0 240.5 106 155
0708 60.5 157.5 197 267
0721 370.0 214.0 110 188
0747 195.5 143.5 253 277
0700 54.5 161.0 199 260
0744 190.0 124.5 196 299
0744 364.0 151.0 126 276
0712 60.5 142.5 215 289
0712 416.0 218.5 132 175
0723 207.0 146.0 240 266
0718 156.0 162.0 254 250
0739 407.0 139.0 146 282
0739 134.0 123.5 180 309
0726 174.5 196.5 293 221
0743 180.0 118.5 254 301
0734 169.0 120.5 224 309
0734 416.0 142.5 174 271
0711 61.5 147.5 207 283
0711 466.5 207.0 119 184
0698 68.0 181.5 188 237
0719 374.5 215.0 127 178
0719 201.0 149.5 202 273
0715 109.0 164.5 290 245
0715 356.0 240.5 194 145
0727 152.0 202.5 324 219
0755 167.5 113.5 189 317
0749 140.0 198.5 380 229
0737 393.0 135.0 178 278
0737 131.0 119.5 202 311
0750 134.0 198.5 380 229
0757 412.0 144.0 186 274
0757 169.0 124.5 140 293
0713 93.0 152.0 226 276
0714 103.5 150.0 241 268
0714 346.0 242.5 210 133
0746 206.0 119.5 230 301
0701 56.0 157.5 196 267
0725 172.0 195.5 298 229
0733 171.0 128.0 222 300
0733 410.5 145.0 175 268
0707 64.0 151.0 186 280
0707 436.0 290.5 146 111
0756 407.0 142.0 180 278
0756 176.0 216.5 122 207
0702 68.5 169.0 171 256
0741 184.0 113.5 240 321
0741 405.0 175.5 102 227
0732 397.0 146.5 164 271
0732 191.5 226.5 123 195
0758 401.5 144.5 197 279
0758 183.0 76.5 156 347
0705 67.0 167.5 188 263
0704 69.0 166.0 174 264
0736 416.0 140.0 166 270
0752 199.5 206.0 317 218
0710 60.5 153.0 187 274
0710 466.5 200.0 133 198
0724 203.0 136.0 224 278
0738 400.0 132.0 158 286
0738 131.0 129.0 178 292
0697 89.0 180.5 176 239
0706 64.0 164.5 192 267
0703 67.5 170.0 179 256
0709 456.0 217.0 132 184
0709 60.5 151.0 199 278
0735 421.5 141.5 159 271
0735 161.0 114.0 190 316
0754 292.5 220.5 221 193
0717 160.0 157.5 248 257
0717 388.5 222.5 127 169
0729 194.0 205.0 250 220
0742 180.5 116.0 255 312
0742 406.5 179.0 97 250
0716 145.0 162.5 256 251
0720 376.5 211.0 111 192
0748 145.5 192.5 369 239
0817 416.5 159.5 175 255
0817 173.0 128.0 202 284
0800 143.5 124.5 247 295
0818 390.0 147.0 180 274
0818 177.0 133.5 194 289
0772 348.5 153.5 145 271
0772 115.5 140.0 181 280
0805 353.5 154.0 151 264
0790 281.5 183.0 195 240
0790 130.5 137.5 187 285
0787 262.5 172.5 237 233
0762 201.5 113.0 221 310
0824 392.0 142.0 180 276
0771 331.0 158.0 194 266
0771 113.0 149.0 184 270
0823 423.0 148.5 170 269
0823 156.0 147.0 250 280
0769 114.0 178.5 210 247
0769 374.5 177.0 171 244
0807 380.0 189.5 148 235
0813 135.0 132.0 210 294
0813 369.5 150.0 209 280
0802 105.0 124.5 256 299
0801 119.5 114.0 285 314
0783 369.0 143.0 232 262
0783 71.0 120.0 208 306
0763 206.0 148.0 254 276
0759 183.5 69.5 147 353
0759 401.5 133.0 163 290
0778 357.5 153.5 209 263
0778 82.5 125.0 211 310
0765 375.0 179.5 192 247
0815 352.0 144.0 206 282
0815 194.5 122.5 157 293
0799 147.5 134.5 259 291
0825 381.5 142.5 183 279
0780 349.5 142.0 259 262
0780 58.5 132.0 239 294
0767 389.5 153.0 165 272
0767 118.0 188.5 232 229
0782 361.5 138.0 239 264
0782 63.0 128.0 232 302
0768 382.0 176.5 166 245
0768 114.0 190.5 224 233
0821 188.5 191.0 143 230
0821 391.0 187.5 164 233
0766 376.5 175.0 197 254
0766 154.0 197.5 208 221
0822 170.0 145.5 230 279
0822 440.5 161.0 163 256
0812 126.0 129.0 222 298
0812 374.0 141.0 204 290
0770 336.0 160.5 188 263
0770 117.5 154.5 185 269
0829 344.0 146.0 128 276
0829 165.0 132.5 194 289
0764 361.0 186.5 194 235
0764 191.0 203.0 192 224
0779 57.0 135.5 246 291
0779 374.5 143.5 217 261
0820 292.0 128.0 258 298
0828 359.5 145.0 137 278
0828 178.0 131.5 180 289
0826 389.0 128.5 164 287
0793 308.5 160.5 191 257
0816 180.0 109.5 386 325
0796 116.0 144.5 220 287
0796 325.5 226.0 151 198
0792 312.0 159.5 176 257
0792 144.5 132.5 183 299
0761 388.5 127.5 139 299
0761 263.0 98.5 28 33
0774 361.5 153.5 133 273
0774 121.5 125.0 167 298
0830 172.5 139.0 165 288
0827 300.5 134.5 245 287
0814 356.5 141.5 213 291
0814 150.5 138.0 203 284
0811 109.5 128.5 227 295
0811 371.5 152.5 211 273
0777 111.5 128.0 189 296
0777 354.0 158.5 202 259
0819 403.0 144.0 154 274
0781 351.0 147.5 256 253
0781 66.5 131.5 233 293
0760 398.5 129.5 169 293
0808 383.5 179.0 165 222
0808 118.5 143.5 181 283
0775 349.0 159.5 148 265
0775 120.0 126.0 172 298
0776 121.5 123.5 171 303
0776 352.5 176.5 161 245
0806 368.5 189.5 135 229
0806 116.5 138.5 177 289
0794 290.0 189.0 174 246
0786 74.0 134.5 214 291
0786 291.5 195.5 221 215
0784 362.0 149.0 146 276
0784 74.0 114.0 212 318
0785 305.0 158.5 212 261
0785 75.5 113.0 209 318
0795 117.0 141.5 224 289
0795 307.0 221.5 184 209
0804 98.0 141.0 166 292
0804 280.0 168.0 202 262
0810 386.5 155.5 185 267
0810 120.0 140.0 188 282
0809 372.5 164.0 197 254
0809 121.0 141.0 188 284
0788 266.0 172.0 216 232
0788 110.5 142.5 193 287
0831 282.0 129.0 254 280
0831 164.5 205.0 151 218
0791 305.0 188.0 164 230
0791 134.0 133.0 196 288
0773 352.5 152.5 149 273
0773 119.0 131.5 166 291
0951 332.0 286.0 100 118
0951 176.0 53.5 194 125
0908 381.5 136.5 177 285
0908 166.0 132.0 184 290
0928 367.0 148.0 132 276
0928 132.0 119.5 178 299
0954 332.5 286.5 101 121
0954 187.5 89.5 191 141
0933 150.0 165.5 224 267
0933 373.5 197.5 161 207
0916 179.5 130.0 175 288
0929 132.0 127.0 180 292
0929 325.5 145.0 211 274
0923 379.5 125.0 151 294
0923 145.5 116.5 161 307
0904 154.0 77.0 214 352
0904 414.0 140.0 206 286
0907 387.5 139.0 179 284
0907 173.0 137.0 168 286
0931 326.0 126.0 260 296
0931 144.5 135.5 179 301
0913 163.5 149.0 293 276
0946 358.5 277.0 153 144
0918 366.0 118.5 180 307
0918 157.5 114.5 207 311
0930 341.5 144.5 223 277
0930 134.5 130.0 171 294
0898 346.0 116.5 282 325
0898 100.5 145.5 237 269
0934 142.5 181.0 273 244
0920 153.5 114.5 201 313
0920 375.5 136.0 175 282
0948 354.5 237.5 99 171
0897 381.0 127.5 242 309
0897 102.0 145.5 214 271
0897 285.0 157.0 32 78
0909 366.5 130.5 173 283
0909 154.0 109.0 220 316
0939 162.5 23.0 215 202
0921 380.0 123.5 170 293
0921 146.5 117.5 215 307
0899 387.5 109.0 227 332
0899 114.5 148.5 243 269
0927 350.5 151.5 149 273
0927 134.0 120.5 190 297
0926 358.0 147.0 144 274
0926 135.5 117.5 171 307
0919 370.5 119.5 183 305
0919 156.5 110.5 195 317
0936 172.0 180.0 286 240
0950 329.0 276.0 112 134
0910 148.0 134.5 260 291
0911 143.5 147.5 329 279
0940 174.0 12.5 208 225
0940 385.5 167.5 187 207
0937 191.5 46.5 185 283
0937 378.0 62.0 154 340
0942 328.5 250.5 249 171
0924 137.0 115.0 172 312
0924 391.5 149.0 115 274
0943 307.0 266.5 262 145
0944 330.0 264.5 238 155
0905 417.0 142.5 190 283
0905 157.5 126.0 199 288
0917 158.0 120.5 212 313
0917 341.0 121.0 186 304
0915 175.5 132.5 209 287
0895 327.0 139.0 264 292
0895 122.0 130.0 158 284
0902 165.5 118.0 193 296
0902 370.0 122.5 216 317
0935 167.5 187.5 283 231
0953 338.0 295.5 92 123
0953 176.5 67.0 197 120
0901 354.5 113.5 245 323
0901 140.5 132.0 199 292
0932 162.5 135.5 203 285
0900 389.5 111.0 223 326
0900 131.5 144.5 241 273
0956 212.5 196.0 289 220
0912 163.5 141.5 291 283
0896 354.0 134.5 258 297
0896 112.5 135.0 185 284
0955 186.5 133.5 189 145
0938 169.5 25.5 221 253
0925 136.0 127.5 172 293
0925 390.0 145.0 116 280
0922 136.5 109.0 195 316
0922 384.0 127.0 158 288
0903 409.0 149.5 190 279
0903 168.0 127.5 200 281
0906 414.5 139.0 169 280
0906 170.5 125.5 195 295
0914 203.0 166.5 250 265
0941 358.5 203.5 189 199
0945 188.0 11.0 240 168
0945 353.0 273.0 198 138
0949 350.5 270.0 99 140
0949 343.5 270.5 31 37
0965 338.0 214.5 190 201
0963 303.0 228.5 222 193
1001 355.0 140.0 146 280
1001 195.0 147.0 162 280
0989 250.0 140.0 204 262
0973 360.5 220.0 233 194
0973 23.0 263.0 164 156
0961 209.5 221.5 319 201
0999 231.5 156.0 167 262
1009 424.0 130.0 150 288
1009 120.5 124.0 175 292
0984 74.5 162.5 269 249
0984 460.0 152.5 182 267
0987 221.0 147.5 200 269
0997 405.0 152.0 154 268
0997 217.0 201.5 178 213
0983 56.5 168.0 297 234
0983 459.0 158.0 180 260
0974 389.0 219.5 232 197
0974 0.5 214.5 183 209
0996 421.5 161.0 151 246
0996 155.5 195.5 243 237
0998 381.0 144.5 182 273
0998 220.5 199.5 177 215
1007 428.0 141.5 162 273
0960 162.5 214.0 337 206
1011 115.0 132.5 176 291
1011 415.5 138.0 121 288
1004 435.0 140.5 166 277
0979 454.5 171.0 137 260
0979 39.0 146.5 158 269
1000 217.0 136.0 302 294
1008 426.5 133.5 171 283
0964 338.5 223.5 179 195
0969 296.5 195.0 243 220
0969 106.0 200.5 236 163
0970 313.0 198.5 232 213
0970 17.5 181.0 197 268
0957 228.5 232.5 269 179
0959 301.0 226.5 208 183
0982 41.0 155.0 246 254
0982 444.5 166.0 175 266
0978 439.0 172.0 150 258
0978 35.5 150.0 161 266
0990 261.5 136.0 225 270
0981 431.0 165.5 162 245
0981 21.5 148.0 215 274
0985 137.0 167.0 208 248
0985 362.5 151.0 137 262
0980 429.0 176.0 182 254
0980 20.0 148.0 204 270
0992 372.5 138.0 183 278
0992 220.0 142.5 178 285
0958 220.5 230.5 287 191
0995 433.0 166.5 146 243
0995 196.5 178.0 235 246
0966 342.0 211.5 176 201
0966 206.0 295.0 158 132
0975 398.0 210.5 230 211
0975 18.5 197.5 181 215
0972 328.5 208.5 255 203
0972 10.0 266.0 160 154
1002 179.0 127.5 176 291
0968 307.0 200.0 216 216
0968 87.5 204.5 259 233
0993 214.5 190.0 139 236
0993 371.5 138.5 187 281
0991 393.5 141.5 155 267
0991 196.0 121.5 180 315
0971 314.0 199.5 242 213
0971 31.0 278.0 162 154
0988 212.5 138.5 239 277
1006 427.0 140.0 170 280
1006 145.0 115.5 168 311
1012 415.5 146.0 129 276
1012 118.0 127.5 168 289
1010 413.5 136.0 127 284
1010 102.0 135.0 174 288
0976 416.0 194.0 208 232
0976 42.5 157.5 153 261
0976 474.0 185.5 42 39
0977 443.0 166.5 146 249
0977 33.0 160.0 164 254
0967 333.5 207.0 189 204
0967 193.0 184.5 162 253
0994 187.0 136.5 200 291
0994 421.5 153.0 153 260
0986 239.5 154.0 253 256
1003 428.5 146.0 165 268
1003 170.0 126.0 202 294
0962 327.0 225.5 202 187
1044 375.0 205.5 148 219
1044 113.0 129.0 200 288
1017 44.5 139.5 233 285
1017 315.0 146.5 134 253
1070 196.5 103.5 221 327
1028 168.0 138.5 198 291
1063 173.5 126.5 175 301
1018 67.5 133.5 231 289
1018 326.5 149.5 163 257
1031 312.5 195.0 181 224
1031 116.0 205.0 202 222
1039 94.0 183.0 254 256
1039 431.0 226.5 130 191
1040 84.5 182.5 261 249
1040 392.5 222.0 145 198
1055 202.5 201.5 151 221
1055 332.5 220.5 161 191
1014 407.5 160.0 131 264
1014 104.5 128.5 171 291
1071 254.5 140.0 217 278
1054 203.0 210.5 148 207
1054 345.5 237.5 113 171
1074 359.5 185.0 211 238
1074 162.0 202.5 192 215
1038 87.5 170.5 269 267
1038 438.0 250.0 76 144
1072 385.5 177.0 177 250
1072 203.0 210.5 212 205
1066 183.5 118.0 145 306
1066 395.5 133.5 175 285
1083 366.0 153.5 136 267
1083 118.0 118.5 172 307
1085 344.5 149.5 179 265
1085 114.5 109.0 189 328
1073 369.0 181.5 206 243
1073 181.5 204.0 187 208
1056 205.5 146.5 239 271
1047 116.0 132.5 224 283
1047 362.5 200.0 197 230
1067 187.5 56.5 153 377
1067 401.5 126.5 157 289
1019 261.5 134.5 225 275
1019 84.0 138.0 206 288
1033 123.0 182.0 186 246
1057 230.5 176.0 265 254
1027 316.0 174.5 136 263
1027 128.5 137.5 207 287
1068 401.5 123.5 161 297
1068 183.0 51.0 178 386
1021 272.0 131.0 222 272
1015 415.0 172.5 138 259
1015 74.0 126.5 208 295
1030 167.0 137.0 190 286
1036 438.5 270.0 133 138
1036 133.0 177.5 188 259
1078 344.5 154.5 173 269
1078 109.0 153.5 216 273
1046 349.0 204.5 218 215
1046 114.5 139.0 203 278
1020 268.0 135.0 214 274
1053 188.5 137.0 189 284
1053 349.5 245.0 111 162
1058 151.5 182.5 247 251
1061 178.0 136.5 282 291
1049 118.0 119.0 234 310
1049 349.5 192.0 213 232
1035 417.5 286.5 179 117
1035 128.5 181.0 183 256
1037 430.0 262.0 174 154
1037 126.0 171.0 210 268
1050 342.0 196.5 224 229
1079 354.5 153.5 147 265
1079 110.5 148.5 193 273
1029 171.5 138.5 187 285
1045 386.0 200.5 148 225
1045 114.0 127.0 184 290
1065 180.5 126.5 157 299
1032 124.0 194.5 178 223
1032 278.0 265.0 276 170
1060 248.0 153.0 206 260
1023 282.0 126.0 182 292
1048 134.0 128.5 256 289
1043 377.0 206.5 142 223
1043 111.5 133.0 201 280
1077 117.0 185.0 196 234
1075 373.0 173.5 188 255
1075 158.5 203.0 203 212
1082 366.0 154.0 140 268
1082 118.5 128.0 171 298
1016 62.5 139.0 207 286
1016 349.0 162.5 140 239
1084 359.0 149.5 146 271
1084 122.5 106.5 169 327
1059 200.5 177.5 245 253
1013 434.0 174.0 106 232
1013 112.5 125.5 179 291
1042 385.5 214.0 133 212
1042 119.5 144.5 193 289
1051 200.0 111.5 242 307
1080 358.0 153.5 144 269
1080 112.0 136.5 186 285
1026 298.5 166.5 141 243
1026 114.0 127.0 212 310
1069 176.5 54.5 197 379
1069 399.5 121.0 143 298
1034 123.0 177.5 188 255
1034 357.5 281.0 219 122
1041 390.5 217.0 139 208
1041 101.5 181.0 233 248
1081 344.5 150.5 167 273
1081 103.0 132.5 170 295
1025 103.0 132.5 214 299
1076 380.5 175.0 157 250
1076 121.5 187.0 185 232
1052 162.5 115.5 287 311
1064 414.5 137.5 173 279
1154 388.5 238.0 157 176
1154 104.5 173.0 245 268
1119 168.5 174.5 301 259
1108 371.5 141.0 199 266
1104 112.0 182.0 228 248
1131 366.5 156.5 169 253
1131 59.5 133.0 217 296
1106 367.0 133.5 216 271
1106 119.0 190.5 198 239
1122 133.0 183.0 252 246
1122 396.5 181.0 167 244
1162 96.0 161.0 166 278
1162 287.0 268.5 182 145
1100 332.5 155.0 189 266
1125 380.5 161.0 141 260
1125 106.0 197.5 236 239
1092 424.5 178.0 151 246
1092 115.0 182.5 232 243
1107 369.0 136.0 216 262
1107 108.5 185.0 229 244
1098 406.5 153.5 125 269
1098 144.5 177.5 185 249
1086 364.5 148.5 211 267
1086 110.5 121.5 193 313
1091 424.5 172.0 163 252
1091 122.5 181.5 271 247
1166 179.0 165.5 178 269
1166 340.5 279.0 87 150
1120 403.5 181.0 155 242
1120 165.5 178.0 225 250
1095 395.5 153.5 143 269
1095 104.5 187.5 197 237
1148 101.5 202.5 173 235
1148 556.0 128.5 82 133
1156 98.5 174.5 259 261
1159 132.5 173.0 249 264
1142 119.5 136.0 173 298
1142 321.5 153.5 133 239
1101 363.0 159.0 188 254
1101 117.5 178.0 203 252
1118 344.5 137.5 141 289
1118 159.0 121.0 212 316
1164 146.5 160.0 165 260
1164 324.0 269.5 122 111
1129 88.5 118.5 183 309
1129 386.0 156.5 130 267
1126 385.0 155.5 128 265
1126 107.0 193.0 216 238
1128 84.0 127.0 208 296
1128 385.0 156.5 128 261
1155 100.0 176.5 248 257
1155 399.5 249.5 115 155
1127 100.5 171.0 219 262
1127 375.0 161.0 126 248
1114 356.5 134.0 187 272
1114 138.5 187.5 235 245
1135 111.0 118.5 196 315
1135 324.0 147.0 162 268
1124 381.0 176.5 176 249
1124 103.0 191.5 258 239
1160 147.5 174.5 223 263
1158 116.5 182.5 219 255
1158 302.5 273.0 157 150
1144 114.5 145.5 197 281
1137 130.0 110.5 182 327
1138 -1.0 151.5 70 125
1102 352.5 153.5 221 259
1102 126.0 170.0 258 262
1088 299.5 147.0 231 284
1130 383.0 158.0 130 266
1130 95.0 132.0 180 290
1093 369.5 168.5 197 261
1093 114.0 196.5 200 225
1145 127.5 136.5 207 301
1153 390.5 238.5 159 171
1153 113.5 176.0 223 266
1094 377.0 160.5 168 251
1094 114.0 192.5 186 233
1141 311.0 165.5 150 199
1143 131.5 135.5 165 295
1143 335.0 162.0 130 244
1113 139.5 185.0 243 248
1113 360.0 126.0 182 286
1163 128.0 171.0 162 258
1151 129.0 189.0 178 248
1151 347.0 225.0 160 196
1165 160.5 149.5 149 279
1147 157.0 203.0 194 232
1096 395.5 153.0 141 262
1096 109.5 189.5 193 235
1121 404.5 182.5 159 237
1121 145.5 182.5 231 249
1133 347.0 154.5 234 263
1133 50.5 130.0 241 296
1099 134.0 174.0 284 254
1087 368.0 146.5 228 267
1087 111.0 142.0 190 290
1136 121.5 122.0 185 310
1146 166.0 135.0 176 296
1146 336.5 174.0 141 222
1109 376.5 140.0 181 274
1111 349.0 143.5 208 267
1149 116.0 193.5 190 237
1115 142.0 193.0 232 242
1089 388.0 159.5 164 259
1089 167.0 187.0 184 238
1116 143.5 177.5 225 257
1110 126.5 183.5 291 245
1152 418.0 245.5 126 167
1152 122.5 172.0 203 272
1150 116.0 189.5 192 249
1150 297.0 281.5 266 161
1117 166.0 130.0 208 306
1117 350.5 135.0 161 286
1134 300.5 141.0 127 262
1134 65.0 127.5 228 301
1132 54.0 109.0 238 322
1132 355.5 157.0 225 250
1123 399.5 179.0 159 248
1123 110.0 188.0 252 242
1112 117.5 188.5 297 241
1157 103.0 176.0 244 264
1157 382.5 203.0 99 208
1097 406.5 146.0 131 280
1097 117.0 170.0 214 260
1090 429.5 187.0 171 236
1090 138.5 195.0 263 238
1103 107.0 175.5 246 259
1103 349.5 149.5 239 261
1105 366.5 127.5 215 281
1105 103.5 189.5 225 237
1176 365.0 197.0 214 216
1176 74.5 117.5 201 335
1205 337.0 123.0 238 294
1205 78.0 132.0 186 306
1205 248.5 122.5 71 143
1205 62.0 164.5 40 85
1171 173.5 136.0 271 306
1174 53.0 144.0 208 284
1185 466.5 152.5 137 265
1185 103.0 61.5 208 377
1223 104.5 150.0 233 278
1214 364.0 135.0 216 286
1214 146.5 60.5 221 369
1172 57.0 140.5 212 285
1236 45.5 139.0 211 288
1218 149.0 201.0 248 222
1237 25.5 142.0 229 288
1210 389.0 129.0 188 290
1210 98.0 125.5 174 301
1212 118.5 111.0 181 312
1212 373.0 128.5 216 293
1203 294.5 125.0 241 294
1203 67.5 143.5 185 287
1186 442.5 176.0 155 246
1186 100.5 64.0 217 374
1169 179.5 159.5 167 281
1204 309.0 125.0 244 294
1204 72.5 137.5 189 299
1168 183.5 150.5 181 275
1228 57.5 141.5 235 285
1195 324.5 191.5 213 251
1195 76.5 149.5 217 279
1227 66.0 136.0 224 294
1231 62.0 138.5 196 289
1229 44.5 146.5 235 281
1201 253.5 131.5 253 285
1201 84.0 139.5 196 293
1184 471.0 156.5 130 253
1211 93.0 122.0 180 302
1211 379.0 133.0 212 296
1173 57.5 183.5 165 247
1173 236.0 202.5 276 219
1188 425.0 166.0 154 248
1188 113.5 64.0 207 378
1181 427.5 147.5 153 269
1181 87.0 121.5 168 323
1183 457.0 147.5 132 271
1183 71.5 120.0 197 312
1234 20.5 141.5 239 285
1233 68.5 135.5 189 287
1220 122.0 187.0 260 242
1219 137.0 199.0 252 224
1192 424.5 153.5 125 267
1192 76.5 173.5 267 259
1208 372.5 116.0 213 302
1208 85.5 114.5 191 321
1179 403.5 167.5 197 241
1179 89.0 117.5 172 333
1196 87.0 148.5 194 281
1196 317.0 187.5 228 251
1197 328.5 193.5 245 229
1197 99.0 145.5 180 275
1193 381.0 175.0 160 262
1209 374.5 123.5 203 295
1209 95.5 121.5 173 307
1175 59.0 138.0 212 294
1175 318.5 193.0 223 226
1235 25.5 142.0 231 290
1222 104.0 167.5 230 263
1221 116.5 171.5 219 259
1213 116.5 69.0 207 364
1213 377.0 124.0 212 302
1216 193.0 217.0 234 200
1191 424.0 159.5 174 283
1191 74.0 178.5 280 251
1199 316.5 120.0 227 328
1199 114.0 169.5 190 259
1225 106.5 142.0 195 286
1180 407.5 158.0 191 254
1180 96.5 128.0 161 310
1198 313.0 172.5 246 259
1198 117.5 135.0 167 282
1189 411.0 161.0 224 256
1189 88.0 180.5 278 251
1177 378.5 189.0 201 226
1177 69.0 104.5 204 355
1182 445.0 145.0 142 268
1182 76.5 124.5 185 305
1187 435.0 171.0 150 238
1187 104.5 66.0 205 374
1194 355.0 183.0 156 264
1194 79.5 172.0 205 258
1230 52.5 141.0 221 288
1217 156.0 209.5 244 215
1200 141.0 147.0 262 284
1170 198.5 161.5 115 171
1207 373.5 121.5 203 301
1207 78.5 128.0 193 300
1178 385.0 168.0 198 242
1178 73.5 113.0 199 334
1224 109.0 141.5 212 285
1190 419.5 164.5 217 269
1190 83.5 176.0 283 258
1215 313.0 127.0 218 302
1206 354.0 131.5 206 283
1206 69.0 125.0 202 314
1232 65.0 137.5 194 287
1167 180.0 149.5 192 275
1202 301.5 126.5 233 303
1202 69.5 143.5 195 285
1244 58.5 186.0 233 262
1281 354.5 153.0 207 252
1281 81.5 144.5 187 291
1272 431.5 180.5 139 217
1292 385.0 206.5 174 235
1292 54.0 145.0 206 276
1278 386.5 157.0 149 264
1278 79.5 147.5 185 279
1275 418.0 180.0 112 218
1275 51.5 145.0 221 278
1279 374.5 152.5 157 263
1279 88.0 151.5 174 277
1245 47.0 161.5 248 289
1249 526.0 252.0 108 150
1305 385.5 148.0 161 258
1305 78.0 137.0 182 296
1297 336.5 193.0 245 234
1269 459.0 207.0 144 204
1239 54.0 116.0 200 330
1248 40.5 180.5 283 257
1261 513.5 220.0 89 70
1261 307.5 183.5 49 81
1276 416.5 172.5 117 255
1246 52.0 157.0 238 294
1246 460.0 305.0 146 116
1238 29.0 127.0 222 312
1238 0.0 150.0 64 134
1270 428.5 185.0 159 204
1295 73.5 150.0 325 256
1295 379.5 219.0 249 198
1263 518.0 220.5 86 177
1263 49.0 200.0 166 202
1301 149.0 137.5 242 293
1268 447.0 209.0 156 190
1242 48.0 150.0 218 300
1288 372.0 162.0 174 274
1288 75.0 141.0 184 280
1259 530.0 233.0 108 172
1284 342.5 157.0 245 242
1284 58.0 142.5 222 289
1277 392.5 165.0 139 250
1277 81.0 192.5 170 237
1250 50.5 205.5 213 223
1294 92.5 146.0 227 264
1294 382.5 231.5 191 211
1304 391.5 140.5 143 285
1304 78.5 134.0 181 302
1296 103.0 153.0 306 250
1296 377.0 211.5 252 213
1255 46.0 189.5 190 233
1282 344.0 153.0 228 242
1282 72.0 145.5 202 285
1283 353.0 153.0 220 250
1283 72.0 142.0 198 292
1300 131.0 130.0 270 300
1287 362.0 170.5 226 257
1287 67.0 146.0 194 270
1280 351.5 149.0 163 272
1280 85.0 143.5 184 293
1262 524.0 220.5 94 177
1303 374.5 136.5 111 291
1303 70.0 123.5 210 319
1273 432.0 174.5 136 221
1267 464.5 219.5 125 173
1260 70.0 230.0 130 180
1260 531.5 224.0 99 166
1243 58.5 165.5 199 281
1266 474.0 224.0 104 166
1285 356.0 153.0 240 254
1285 61.0 144.0 220 288
1289 387.0 157.5 152 269
1289 71.5 143.0 185 274
1247 46.0 175.5 256 265
1247 494.5 273.0 115 132
1271 437.5 189.5 121 197
1265 496.5 220.5 99 175
1290 399.5 175.0 145 268
1290 47.0 145.5 214 277
1298 117.0 144.5 286 285
1299 150.0 141.5 250 279
1274 427.5 183.5 113 209
1293 393.5 232.0 169 212
1293 47.5 141.5 251 285
1264 509.0 220.5 94 179
1264 53.5 234.5 153 157
1254 46.0 193.5 190 233
1254 287.5 167.5 45 91
1241 15.5 108.0 237 348
1258 538.0 262.5 98 117
1286 362.5 163.5 215 251
1286 65.5 146.5 207 275
1257 560.5 278.5 75 121
1291 388.5 193.5 165 249
1291 34.0 139.0 216 292
1307 399.0 143.0 226 286
1307 76.5 132.0 183 294
1321 262.5 140.5 219 271
1315 104.0 118.0 256 320
1315 391.0 151.0 218 254
1311 401.5 143.0 217 288
1311 87.0 136.0 188 284
1313 405.5 147.0 213 266
1309 394.5 141.0 225 290
1309 70.0 130.0 212 300
1317 127.5 123.0 267 304
1317 357.5 150.5 231 257
1310 395.0 143.0 222 282
1310 82.0 133.0 196 294
1308 398.5 145.0 221 288
1308 83.0 125.5 190 299
1308 223.5 168.0 85 112
1319 149.5 136.5 237 297
1316 101.0 118.0 254 314
1316 363.0 145.5 240 269
1320 175.5 189.0 155 244
1314 390.0 139.0 228 276
1314 116.5 130.5 173 293
1318 139.0 120.0 236 314
1318 350.5 150.0 203 256
1306 395.5 149.5 217 263
1306 81.5 136.0 179 290
1312 403.0 141.5 214 281
1312 87.5 132.0 181 302
0050 402.5 174.5 99 233
0050 110.0 127.5 186 291
0036 426.5 136.5 173 289
0036 183.0 116.0 158 304
0023 332.5 141.5 199 271
0073 57.5 163.5 161 253
0073 483.5 225.0 123 190
0020 354.0 141.5 228 259
0020 149.5 138.0 225 290
0017 391.0 183.5 156 233
0017 102.0 139.5 212 287
0065 108.0 125.5 198 287
0065 343.5 163.0 243 248
0065 533.0 195.0 46 74
0028 371.5 138.5 183 277
0064 127.0 133.5 180 287
0032 391.0 137.5 174 275
0034 341.0 139.5 172 279
0047 346.5 150.5 167 273
0047 110.5 148.5 185 267
0016 377.0 155.5 150 271
0016 118.5 120.5 181 301
0058 102.0 134.0 216 282
0060 127.0 27.0 256 412
0042 384.5 175.0 189 252
0066 124.5 126.5 167 289
0066 390.5 219.0 179 214
0027 206.0 132.0 206 292
0027 395.5 148.0 177 268
0043 380.5 178.5 199 249
0043 146.5 202.5 231 217
0051 396.5 178.0 145 242
0051 109.0 121.5 190 303
0038 409.5 140.0 179 284
0026 411.0 153.5 182 259
0026 197.0 118.5 218 301
0071 88.5 140.0 145 276
0071 468.5 275.0 167 148
0031 418.5 147.5 163 269
0056 124.5 140.0 195 290
0039 382.5 117.5 187 309
0039 176.5 57.5 195 383
0068 110.5 140.0 183 270
0068 438.5 289.5 193 173
0018 93.0 144.5 252 285
0018 373.0 150.0 204 270
0045 375.5 163.0 167 258
0045 111.0 181.0 212 238
0019 102.0 124.0 450 308
0046 365.0 166.5 170 263
0046 107.5 153.0 201 268
0062 141.5 43.0 271 398
0070 97.0 139.0 162 282
0070 465.0 289.0 174 144
0053 74.5 118.5 221 335
0053 300.0 188.0 256 242
0054 65.5 129.5 245 313
0054 327.0 170.0 192 276
0049 363.0 153.5 142 271
0049 113.0 124.0 188 296
0072 485.5 243.0 135 164
0072 75.5 153.0 133 270
0059 112.5 130.0 209 290
0055 97.5 134.5 233 293
0055 307.5 172.5 187 263
0048 358.0 153.5 146 271
0048 106.0 132.0 160 284
0021 348.0 140.0 214 258
0021 193.0 132.0 162 296
0030 428.5 150.0 171 264
0030 182.5 169.5 273 267
0033 311.5 135.5 227 279
0035 195.0 123.0 150 306
0040 369.0 134.5 162 285
0061 150.5 37.5 233 407
0057 134.5 101.0 163 324
0041 256.5 141.5 221 291
0052 79.0 119.0 218 314
0052 347.0 161.0 232 258
0024 369.5 156.5 161 249
0044 392.0 169.0 160 262
0044 121.0 189.0 224 230
0063 122.0 54.0 412 382
0069 107.5 134.0 187 276
0069 448.0 297.5 178 151
0037 417.5 140.0 177 288
0074 19.5 144.5 209 277
0074 489.5 212.0 113 194
0067 111.5 79.0 183 350
0067 429.5 251.5 185 199
0029 419.5 155.5 177 253
0029 207.0 140.0 204 288
0152 374.0 140.0 170 270
0152 194.5 211.5 137 217
0076 23.0 149.0 260 276
0076 474.5 181.5 125 237
0115 309.5 202.0 231 208
0134 364.5 147.5 143 281
0134 128.5 125.0 181 298
0143 149.5 147.5 245 281
0143 371.0 144.5 166 273
0131 360.0 131.5 178 287
0131 122.5 124.0 173 302
0141 404.5 143.0 159 270
0141 169.5 199.5 143 223
0103 374.0 150.0 154 282
0103 120.0 126.0 184 294
0095 190.0 124.0 148 294
0098 383.5 125.0 189 296
0098 133.5 120.5 205 305
0147 188.0 164.5 270 269
0084 397.5 148.5 161 257
0084 124.5 129.0 199 296
0138 409.5 155.5 177 257
0138 166.5 119.5 187 307
0163 380.5 155.5 141 263
0163 128.5 119.0 171 306
0091 125.0 193.5 296 243
0091 383.5 129.5 171 283
0075 474.0 187.5 124 229
0075 19.5 149.5 235 273
0151 192.0 218.5 146 205
0151 334.0 131.0 186 278
0102 381.0 146.0 144 288
0102 124.0 118.5 184 303
0166 138.0 122.5 174 301
0166 387.0 161.5 134 255
0171 424.5 133.0 169 286
0171 81.0 196.5 270 239
0132 375.0 132.0 150 288
0132 123.5 131.5 169 287
0079 430.5 159.0 193 260
0079 74.0 140.0 196 284
0118 276.5 197.0 215 212
0124 161.5 129.0 311 296
0168 419.0 128.0 210 284
0168 139.0 134.0 196 292
0109 343.0 143.0 238 258
0109 115.0 118.5 232 309
0128 348.0 126.5 170 293
0128 109.0 131.0 186 298
0129 344.0 122.0 180 296
0129 119.5 125.5 177 301
0090 153.5 192.5 255 239
0090 415.5 153.0 165 260
0111 352.0 138.5 218 265
0159 389.0 130.5 172 289
0159 133.0 114.5 176 313
0127 323.5 132.5 187 287
0101 379.5 142.0 139 288
0101 127.0 131.0 160 288
0077 41.5 149.5 235 273
0077 454.5 186.5 183 233
0125 171.0 128.0 312 300
0162 377.5 140.0 165 282
0162 122.0 127.5 178 295
0146 158.0 169.0 314 260
0120 160.0 132.5 342 291
0136 335.0 150.5 198 277
0136 142.5 117.0 189 308
0145 166.0 138.5 306 303
0092 133.5 211.0 269 216
0092 373.5 145.5 171 255
0160 380.0 127.5 180 289
0160 135.0 124.0 162 302
0153 392.0 139.0 182 270
0153 181.5 201.0 157 228
0104 122.5 122.5 171 305
0104 376.0 152.0 162 274
0158 391.5 133.5 179 283
0167 379.0 135.0 168 282
0167 124.5 130.0 209 296
0100 376.0 137.0 166 288
0100 130.0 127.5 168 291
0086 376.5 146.5 181 261
0086 137.0 144.5 230 285
0130 355.0 124.5 186 281
0130 115.5 121.5 183 309
0137 336.5 151.0 195 274
0137 174.5 107.0 171 316
0106 350.5 138.5 239 269
0106 147.0 121.0 244 302
0096 417.0 146.5 178 271
0096 167.5 136.0 189 276
0089 415.5 147.0 161 266
0089 183.5 146.0 243 284
0117 317.0 203.0 186 202
0087 364.5 141.0 181 256
0087 148.5 142.0 227 284
0133 370.0 137.5 132 285
0133 128.5 116.0 173 304
0093 189.0 185.5 252 243
0126 321.5 131.5 181 283
0170 420.5 132.0 193 284
0170 111.5 142.5 237 285
0097 416.0 142.0 168 274
0148 232.5 166.0 253 266
0172 65.5 203.0 285 230
0172 408.5 133.5 191 285
0161 131.5 119.5 165 307
0161 391.0 135.0 168 284
0161 271.0 127.0 42 102
0110 338.5 142.5 239 259
0114 332.0 205.5 202 203
0140 415.0 142.5 178 267
0140 187.5 134.5 173 291
0155 419.0 147.0 166 260
0155 165.0 207.0 148 222
0119 311.5 199.0 207 210
0083 412.5 149.0 179 248
0083 110.0 129.5 224 293
0144 379.0 144.0 144 286
0144 143.5 179.5 257 255
0149 226.0 150.5 270 279
0164 391.5 157.5 129 265
0164 129.5 122.0 169 300
0085 368.5 147.5 201 259
0085 119.0 131.5 224 305
0105 369.0 150.5 192 267
0105 152.0 114.0 208 318
0107 346.5 144.5 249 261
0107 121.5 121.0 223 308
0142 391.0 136.0 166 282
0142 167.0 200.0 146 222
0081 64.5 145.5 249 287
0081 434.0 139.5 186 259
0157 393.0 134.5 178 281
0169 111.0 131.0 252 298
0169 421.0 128.5 202 285
0112 347.5 148.5 221 255
0165 396.5 158.0 123 262
0165 129.0 124.5 178 297
0094 319.0 147.0 132 276
0123 185.0 124.0 260 312
0113 340.0 155.5 236 251
0113 127.5 116.5 191 311
0080 440.0 147.5 188 261
0080 72.0 138.0 226 298
0135 354.5 154.5 159 273
0135 127.5 128.5 171 297
0108 355.0 143.5 234 261
0082 81.5 142.5 259 285
0082 423.5 156.5 183 247
0154 420.5 145.0 161 262
0156 394.0 143.0 182 274
0121 248.0 201.5 264 211
0088 326.0 147.5 202 273
0078 59.5 146.5 209 275
0078 437.5 187.0 195 230
0099 400.5 131.0 147 294
0099 131.0 122.5 196 301
0139 431.5 154.5 165 263
0139 156.5 122.0 205 314
0213 229.0 159.5 276 263
0260 386.5 142.5 153 279
0260 187.5 55.0 149 372
0189 288.0 189.0 170 240
0189 126.0 178.5 170 249
0265 363.0 146.5 200 277
0195 330.5 199.0 169 234
0195 157.0 148.5 156 281
0212 149.5 145.5 327 285
0253 229.5 152.0 279 272
0275 220.5 217.5 297 197
0197 315.0 227.5 202 193
0197 163.5 134.0 181 286
0187 218.5 145.5 187 277
0200 168.5 120.0 169 306
0200 312.5 221.5 221 201
0205 197.0 130.0 236 296
0239 99.5 128.0 207 294
0179 370.5 180.0 177 240
0179 115.5 125.5 199 289
0186 211.0 123.0 214 308
0188 146.5 175.5 263 257
0241 399.0 156.0 138 272
0241 103.0 117.5 200 305
0176 367.0 147.0 164 282
0176 140.0 131.5 188 289
0223 126.5 117.5 175 301
