0050 402.0 132.0 166 284
0050 105.5 136.0 211 278
0026 434.5 190.5 153 229
0026 130.0 185.0 178 230
0007 369.5 143.5 159 277
0007 192.0 137.5 160 287
0006 392.0 152.0 164 278
0006 192.5 129.5 191 299
0010 408.0 140.5 152 291
0010 143.5 205.5 247 221
0082 376.0 135.5 188 287
0082 88.0 111.0 194 318
0045 426.5 139.0 141 280
0045 40.0 117.5 202 313
0063 347.0 142.0 168 288
0063 185.0 130.0 152 284
0036 382.5 136.5 171 283
0036 69.0 130.5 228 291
0037 368.0 164.5 174 253
0037 64.5 139.0 225 284
0068 379.0 134.0 148 282
0065 420.0 147.5 162 277
0065 181.0 105.5 152 325
0065 312.5 156.0 31 72
0025 395.5 184.5 177 239
0052 376.0 132.0 168 288
0052 125.0 111.0 204 322
0001 130.5 148.0 239 272
0001 345.0 132.5 180 289
0011 390.0 132.5 152 289
0011 152.0 198.0 240 224
0055 437.0 157.5 160 263
0055 164.0 107.5 204 323
0047 54.5 138.5 237 287
0047 451.5 128.5 109 293
0039 418.0 87.0 134 322
0039 71.0 120.0 192 306
0049 94.5 142.0 221 278
0049 422.5 134.0 147 280
0080 384.5 148.0 161 278
0080 87.0 121.5 188 305
0002 343.0 127.0 174 294
0002 146.5 125.0 219 304
0087 395.0 132.5 176 287
0087 55.0 128.0 194 302
0081 380.0 124.5 170 303
0081 90.0 114.5 198 311
0084 56.5 137.5 213 285
0084 383.0 138.0 184 282
0033 390.5 129.0 171 294
0033 87.5 112.0 189 322
0016 419.5 139.0 155 282
0016 158.0 60.0 142 368
0064 406.0 146.0 166 282
0064 182.5 122.5 153 299
0021 418.5 187.0 163 238
0021 173.5 199.0 271 220
0076 421.0 187.5 164 235
0076 117.0 157.5 208 267
0038 382.0 152.0 174 274
0038 71.5 125.5 193 303
0078 395.0 179.5 158 243
0078 104.5 135.5 171 291
0075 418.0 188.5 160 231
0057 389.5 151.5 177 269
0057 170.5 201.0 167 216
0066 410.5 135.5 151 291
0066 186.0 81.5 132 335
0044 40.0 121.5 200 305
0044 401.5 130.0 167 282
0030 385.0 143.5 164 283
0030 93.0 128.0 176 298
0067 404.5 122.0 147 316
0067 172.5 50.0 167 386
0074 353.5 179.5 159 245
0074 162.5 165.5 195 247
0028 382.0 183.5 166 235
0028 100.0 140.5 176 291
0079 387.5 168.5 155 259
0079 96.5 119.5 171 307
0027 409.0 181.0 152 244
0027 106.5 177.5 197 241
0009 423.5 164.5 167 251
0009 160.0 184.0 246 248
0073 352.0 186.5 166 237
0073 177.5 158.5 191 245
0061 207.5 157.5 197 257
0043 51.0 118.5 200 311
0071 419.0 190.0 156 234
0071 175.5 194.0 263 222
0032 383.5 133.5 175 289
0032 95.0 113.0 184 316
0048 58.5 141.0 261 288
0048 439.0 122.5 130 299
0029 390.5 173.0 153 250
0029 94.0 129.0 168 296
0003 332.5 128.0 173 298
0003 205.5 108.0 155 318
0013 345.0 130.5 166 293
0013 185.5 124.0 175 290
0086 393.5 140.5 173 281
0086 50.5 136.5 213 281
0086 582.5 252.0 45 72
0053 142.0 113.0 188 312
0053 366.5 129.5 167 295
0042 46.0 122.0 212 310
0042 349.5 39.0 231 320
0070 386.5 186.5 155 237
0070 184.0 194.0 202 230
0008 426.5 158.0 169 260
0008 184.0 111.5 234 321
0060 152.0 190.5 244 227
0017 410.0 124.0 154 304
0017 165.5 43.0 179 390
0091 287.5 156.5 225 259
0091 80.5 130.0 213 294
0059 154.5 183.5 249 241
0083 379.5 127.5 183 301
0083 77.5 120.0 207 310
0072 390.0 185.5 156 241
0072 143.5 177.5 239 241
0088 337.5 138.5 231 271
0088 76.0 120.5 168 309
0022 387.5 191.5 175 235
0022 143.5 181.0 251 238
0023 345.0 178.0 182 252
0023 168.5 147.0 193 268
0058 379.5 126.0 159 296
0058 162.0 137.5 208 283
0019 335.0 104.5 190 325
0012 357.5 122.5 155 303
0012 192.0 153.0 172 276
0041 349.5 42.5 233 327
0041 41.5 118.5 223 311
0056 424.0 161.0 160 258
0056 182.5 121.5 189 305
0014 419.0 149.5 172 273
0014 164.0 111.5 196 315
0031 384.5 136.5 171 285
0031 97.0 116.5 182 315
0040 61.0 118.5 196 307
0040 345.5 52.5 229 321
0020 332.5 123.5 173 295
0004 393.5 165.0 161 268
0004 181.0 110.0 204 318
0090 308.5 143.5 221 277
0090 65.0 138.5 226 285
0015 427.5 150.5 161 269
0015 180.0 90.5 144 351
0051 387.5 136.0 175 288
0051 123.0 122.5 186 293
0062 342.5 127.5 163 293
0062 195.5 154.5 171 263
0054 352.0 137.0 170 290
0054 170.0 114.0 166 312
0024 336.5 178.0 175 246
0024 167.5 167.0 187 240
0034 71.5 141.0 239 292
0034 388.5 136.0 171 284
0085 387.0 142.5 184 277
0085 38.0 133.5 232 289
0018 388.5 126.0 153 298
0005 411.5 158.5 175 263
0005 177.0 93.5 222 341
0046 442.0 116.5 124 305
0046 52.0 123.5 204 311
0069 326.0 104.0 186 328
0077 397.0 186.0 164 238
0077 114.0 150.5 182 271
0089 261.0 159.5 254 257
0089 55.0 134.0 214 290
0035 386.5 139.0 169 282
0035 88.5 124.0 205 304
0129 355.5 152.0 225 268
0129 53.0 114.5 198 319
0139 413.5 139.0 181 290
0139 28.5 115.5 215 313
0118 441.0 128.0 160 298
0118 109.5 118.0 183 308
0167 190.5 131.0 157 292
0167 351.5 40.5 239 199
0131 373.0 132.5 174 291
0131 40.5 133.0 221 296
0181 110.5 124.0 181 304
0102 82.5 137.5 239 293
0102 395.0 134.0 126 288
0097 61.5 133.5 187 291
0097 289.0 154.5 278 269
0095 202.0 169.0 306 260
0095 27.0 149.5 204 277
0136 401.5 142.5 169 277
0136 47.0 121.5 208 307
0140 422.5 139.0 173 286
0140 28.0 121.0 202 306
0189 23.0 107.5 232 347
0160 222.5 219.5 167 195
0160 313.5 36.0 229 202
0198 341.0 225.5 242 179
0198 53.0 136.5 214 287
0108 426.0 147.0 162 272
0108 115.5 204.0 289 222
0199 353.5 223.5 227 179
0199 54.5 130.0 217 306
0130 366.0 137.0 194 276
0130 45.0 131.5 216 299
0184 42.5 132.0 237 302
0144 398.5 151.5 209 263
0144 5.5 131.0 221 292
0168 350.0 63.0 216 182
0114 451.0 152.5 162 273
0114 138.0 109.5 178 319
0165 359.0 51.5 220 201
0165 188.5 156.0 135 260
0193 24.0 126.0 218 302
0193 443.0 193.5 152 213
0156 199.5 138.0 215 282
0156 378.0 14.0 162 242
0142 433.0 145.5 166 279
0142 18.0 129.0 204 296
0176 117.0 156.5 190 265
0137 406.5 153.0 179 266
0137 30.0 112.5 220 323
0134 394.5 133.0 181 290
0134 62.0 125.5 182 303
0104 387.0 129.0 130 294
0104 135.0 124.0 236 308
0188 21.5 111.0 227 344
0096 233.0 153.0 308 274
0174 121.5 194.5 215 219
0173 140.5 205.0 229 206
0173 334.0 223.0 256 180
0152 345.0 89.5 164 273
0099 60.5 126.5 201 299
0099 317.0 148.0 240 276
0180 111.5 130.0 179 302
0154 205.5 131.5 165 291
0154 332.5 55.5 249 235
0106 450.5 161.0 151 256
0126 412.0 132.0 180 296
0126 27.0 127.0 222 292
0115 446.5 152.5 167 271
0115 121.0 107.5 190 329
0125 418.5 130.0 175 296
0125 40.5 125.5 221 305
0148 378.0 127.5 176 297
0148 72.5 122.5 225 303
0112 361.5 137.5 171 283
0112 162.5 123.0 187 304
0190 29.0 118.5 218 329
0190 339.0 351.5 286 75
0107 433.5 158.0 167 260
0107 130.5 175.0 269 266
0194 15.0 125.0 220 304
0194 477.5 172.0 91 236
0151 361.0 90.5 132 319
0151 181.0 105.5 204 325
0141 428.5 145.5 169 275
0141 28.5 119.5 203 309
0098 294.0 147.0 284 276
0098 62.5 133.5 185 291
0119 436.5 130.0 159 296
0119 93.5 112.0 177 314
0103 395.0 124.5 118 297
0103 106.5 118.0 235 316
0111 375.5 124.5 163 299
0111 166.5 141.5 177 281
0159 220.0 230.5 174 187
0159 322.5 39.5 219 197
0178 111.5 136.5 181 281
0191 36.0 113.0 204 324
0116 444.5 148.5 167 277
0116 116.0 116.0 182 306
0169 327.5 68.0 215 208
0169 206.0 145.0 150 272
0128 365.5 148.5 237 271
0128 34.0 119.5 200 309
0105 353.0 127.5 168 297
0105 161.5 146.0 193 272
0175 121.5 161.5 195 259
0117 444.0 140.0 166 282
0117 117.5 109.0 171 320
0163 386.0 50.0 146 236
0177 113.0 145.0 184 276
0183 45.5 138.5 227 291
0101 379.5 139.5 151 279
0101 74.5 113.0 223 326
0124 413.5 135.0 179 286
0124 61.0 122.0 204 300
0172 314.0 188.5 244 175
0172 161.5 213.0 183 208
0145 369.0 151.5 236 267
0145 18.5 135.0 205 294
0157 181.5 34.5 373 395
0121 418.0 131.5 180 297
0121 83.5 108.0 179 328
0123 408.5 130.0 185 296
0123 79.0 115.0 192 316
0171 338.0 136.0 226 178
0171 177.5 220.0 173 200
0150 351.5 123.0 165 300
0150 151.5 114.0 207 304
0164 192.0 161.5 140 253
0164 367.5 49.5 195 211
0113 427.0 149.0 182 272
0113 153.5 117.5 199 303
0092 112.5 126.5 185 301
0196 423.5 207.5 129 193
0196 28.5 126.5 221 303
0132 381.0 136.0 190 290
0132 45.0 129.0 214 300
0185 63.5 119.5 191 325
0094 253.0 169.5 194 261
0094 71.5 145.5 193 281
0158 179.5 199.5 269 219
0158 318.5 40.0 229 188
0110 402.0 133.5 150 287
0110 167.5 207.0 193 212
0153 188.0 111.0 194 312
0182 62.0 141.0 210 284
0093 127.0 127.5 166 299
0195 14.5 127.0 229 304
0195 459.0 183.5 140 229
0127 400.5 142.5 201 271
0127 28.0 120.5 214 305
0109 417.5 137.0 161 282
0109 94.5 214.5 267 215
0149 113.0 130.0 280 294
0149 360.0 165.5 176 251
0146 373.5 142.0 217 280
0146 22.5 130.0 201 298
0138 412.5 150.5 171 267
0138 30.5 124.0 221 302
0197 429.5 218.0 137 178
0197 27.5 126.5 221 307
0155 259.0 42.5 308 249
0143 430.5 136.5 169 285
0143 6.0 129.0 214 300
0186 63.5 116.0 189 330
0187 45.0 113.0 220 334
0122 411.5 132.0 187 294
0122 88.0 116.0 182 312
0170 344.5 102.5 211 189
0170 198.5 224.0 161 196
0147 381.5 125.0 185 292
0147 48.5 131.5 209 295
0166 358.5 39.0 231 198
0166 187.0 140.0 138 274
0100 44.5 123.5 223 303
0100 366.5 144.5 165 271
0120 429.5 132.0 171 294
0120 88.5 113.5 171 317
0192 36.0 113.5 200 323
0192 447.5 212.5 111 197
0133 389.5 131.5 191 293
0133 53.5 126.5 197 305
0135 394.0 139.5 178 281
0135 70.5 108.0 173 326
0255 491.5 181.5 113 221
0206 391.0 202.5 120 203
0206 189.5 108.0 183 318
0226 366.0 149.0 174 274
0226 122.5 121.0 177 302
0216 147.0 198.0 252 218
0216 364.0 208.0 120 198
0234 164.0 178.5 234 255
0239 342.5 160.5 223 261
0239 58.0 109.5 208 205
0258 483.0 203.0 122 194
0276 328.0 195.0 102 192
0231 254.5 186.5 241 241
0231 169.0 209.0 122 198
0220 305.0 193.0 234 228
0220 106.0 170.0 162 258
0246 496.0 162.5 102 253
0246 31.5 284.0 181 124
0224 362.5 197.5 175 219
0224 114.5 143.5 175 281
0237 65.0 130.0 198 236
0237 292.0 163.5 198 273
0225 365.5 185.5 169 231
0225 113.5 136.5 175 285
0232 277.5 209.0 217 212
0232 158.5 197.5 147 215
0236 262.0 168.5 224 265
0236 60.0 144.5 188 237
0252 487.5 174.5 133 231
0211 207.0 133.5 202 289
0269 431.0 241.0 148 138
0269 51.0 230.5 150 157
0248 508.5 171.5 97 229
0242 427.5 150.5 161 271
0242 1.0 95.5 242 221
0279 399.5 202.0 127 180
0219 310.5 194.5 215 225
0219 106.0 169.0 156 260
0221 326.5 194.0 205 226
0221 106.0 169.0 166 258
0207 384.5 202.5 123 205
0207 189.5 100.0 229 332
0218 335.0 193.5 170 225
0218 105.0 175.5 156 253
0245 478.0 155.0 116 264
0245 10.5 192.5 211 219
0238 62.0 121.0 206 214
0238 338.0 170.0 220 262
0249 513.0 175.0 96 228
0203 115.0 130.0 302 296
0203 395.0 210.0 148 194
0275 338.0 216.0 130 164
0275 203.5 241.0 117 154
0240 379.0 156.5 210 269
0240 58.0 84.0 190 238
0270 421.0 252.0 114 134
0270 86.0 224.5 158 159
0264 501.5 227.5 99 157
0264 41.5 252.5 85 139
0209 189.5 115.0 237 302
0204 398.0 201.0 132 202
0204 135.5 120.0 239 304
0227 122.5 102.5 179 329
0227 380.0 139.5 156 279
0217 347.0 197.5 154 227
0217 121.5 177.5 161 245
0215 172.0 186.5 286 245
0257 485.5 199.0 119 200
0253 494.5 181.0 111 220
0260 491.5 215.5 109 173
0260 7.5 293.0 99 104
0250 503.5 178.5 109 225
0273 339.5 237.5 159 143
0273 142.0 227.0 172 166
0213 208.5 130.5 215 283
0261 493.5 216.0 105 170
0267 471.5 228.0 123 148
0267 54.5 244.0 99 148
0223 371.0 198.5 162 219
0223 105.5 153.0 167 274
0268 49.5 231.5 127 155
0268 438.0 242.5 152 131
0272 118.0 231.0 184 154
0272 398.5 234.0 103 152
0251 499.5 183.5 113 215
0235 227.5 176.0 217 252
0214 328.0 207.0 156 208
0247 498.0 163.5 106 251
0222 345.0 195.0 186 224
0222 113.5 166.5 179 249
0201 365.0 221.5 206 179
0201 89.0 129.0 244 286
0243 446.5 149.0 145 274
0243 6.5 131.0 225 200
0259 487.0 210.5 120 181
0200 339.5 225.0 243 176
0200 66.0 131.5 220 293
0228 365.5 134.0 173 282
0228 121.5 105.0 195 330
0278 213.0 195.5 188 215
0266 485.0 227.0 104 152
0266 56.5 231.0 101 154
0271 93.5 226.0 223 160
0271 396.5 250.0 111 138
0274 335.0 228.0 160 152
0274 155.5 218.5 163 183
0208 377.5 202.5 125 201
0208 194.5 101.5 229 331
0212 340.0 206.0 146 200
0229 358.5 150.0 185 264
0229 129.5 104.5 209 325
0205 401.5 202.5 121 195
0205 149.0 126.5 210 299
0254 493.5 181.0 109 222
0265 506.5 229.5 87 151
0277 310.5 192.5 91 191
0233 267.0 190.0 130 242
0230 290.5 191.5 239 231
0230 163.0 152.5 148 261
0244 473.5 149.5 121 273
0244 17.5 172.0 203 208
0263 502.5 226.5 95 157
0263 40.0 244.5 90 147
0262 496.5 223.5 101 161
0262 17.0 287.0 98 100
0210 332.0 205.0 160 204
0202 101.0 128.0 420 298
0241 26.0 95.0 224 198
0241 401.5 164.5 195 267
0256 485.5 194.5 119 207
0363 398.0 132.5 156 299
0363 180.5 75.5 147 345
0391 276.0 102.5 166 251
0391 97.5 119.5 213 309
0395 277.5 125.0 199 298
0395 78.0 109.5 210 325
0422 115.0 134.0 246 290
0422 394.0 127.5 170 297
0414 421.5 148.5 171 277
0414 153.5 112.5 199 313
0419 437.0 122.5 160 307
0419 106.5 100.5 191 327
0353 388.0 147.5 158 269
0353 151.0 191.5 266 247
0420 428.5 129.0 157 292
0420 103.5 125.5 231 295
0421 402.0 128.0 164 294
0421 128.5 130.0 189 294
0380 381.0 135.0 160 294
0380 93.5 118.0 175 304
0388 72.5 131.5 207 291
0388 281.5 38.0 203 336
0344 365.0 130.5 172 295
0344 107.5 127.0 203 302
0376 401.5 185.0 163 240
0376 107.0 176.5 196 243
0373 348.5 179.5 147 243
0373 161.5 179.5 197 241
0366 335.5 127.0 189 290
0385 372.0 151.5 172 277
0385 59.0 122.0 216 300
0412 387.5 117.0 159 318
0412 173.0 149.5 168 277
0374 425.0 188.5 160 235
0374 163.5 179.0 209 238
0382 379.5 126.0 177 300
0382 96.0 115.0 184 314
0413 367.5 134.0 169 286
0413 144.5 109.0 175 320
0343 371.0 130.5 164 295
0343 113.0 123.0 186 300
0364 391.5 122.0 157 310
0364 181.0 40.0 152 396
0351 410.5 158.5 147 261
0351 184.0 138.5 198 283
0358 339.0 127.0 150 290
0352 172.5 148.0 221 278
0352 401.0 154.0 164 262
0354 381.5 135.5 155 273
0354 142.0 185.0 268 248
0362 400.0 140.0 164 288
0362 186.5 97.0 135 334
0384 79.0 115.5 214 315
0384 376.5 157.0 171 266
0418 444.0 130.5 158 297
0418 97.5 116.5 181 305
0383 377.5 124.5 183 303
0383 86.5 112.5 199 323
0360 400.5 143.0 167 282
0360 178.0 114.5 196 311
0417 446.5 141.0 161 286
0417 110.5 110.0 185 318
0407 148.5 105.0 205 328
0407 443.0 161.5 160 253
0355 369.0 126.0 156 290
0355 150.0 190.5 244 239
0379 383.0 153.0 156 272
0379 97.5 110.5 161 317
0405 122.0 115.0 214 308
0405 362.5 139.0 171 284
0390 235.5 45.0 241 308
0406 336.5 135.5 187 287
0406 148.5 121.5 209 307
0361 415.0 150.0 160 270
0361 181.5 107.0 149 322
0393 66.5 133.5 181 293
0393 227.5 115.5 213 319
0416 454.0 148.5 160 275
0416 117.5 116.5 213 303
0399 352.0 139.0 134 282
0399 119.0 128.5 172 303
0350 340.0 128.5 146 287
0350 206.5 142.0 157 280
0371 368.5 191.5 169 231
0371 170.5 155.5 211 257
0401 365.0 112.0 132 312
0401 105.0 122.0 196 306
0392 202.0 124.0 232 280
0386 383.0 100.5 146 325
0386 51.5 131.0 223 294
0367 344.0 126.0 162 294
0369 427.0 189.5 146 229
0369 167.0 189.5 210 233
0387 339.5 60.0 163 340
0387 57.5 132.0 223 290
0411 396.5 118.5 165 317
0411 172.0 173.5 188 253
0356 346.0 133.5 158 287
0348 333.5 129.0 181 292
0346 129.5 143.0 243 284
0346 360.0 135.5 176 283
0359 348.5 130.0 167 298
0359 199.5 119.0 147 302
0375 413.5 190.5 171 231
0375 121.5 184.5 183 231
0357 348.0 134.5 150 285
0415 451.0 146.0 162 282
0415 130.5 118.0 197 306
0389 267.0 30.0 224 350
0389 81.0 119.5 192 307
0403 80.5 127.0 215 296
0403 360.5 130.0 153 284
0365 383.0 116.5 154 311
0365 192.5 48.5 173 391
0409 434.0 150.0 166 274
0409 97.0 202.0 262 234
0381 95.5 115.5 187 313
0381 375.0 131.5 186 293
0349 335.0 127.0 172 292
0398 343.0 136.0 142 290
0398 123.0 128.0 168 302
0377 385.5 184.5 163 239
0377 109.5 131.5 163 297
0368 387.0 192.0 158 230
0368 182.5 203.0 197 218
0345 367.0 132.5 166 289
0345 110.5 135.5 239 295
0378 388.5 173.0 151 252
0378 99.5 118.0 161 312
0410 415.5 136.0 163 282
0410 164.0 205.5 192 205
0402 357.0 128.0 160 288
0402 83.0 125.5 214 299
0397 318.5 144.5 173 277
0397 107.5 99.0 193 334
0423 377.5 130.0 185 296
0423 109.0 138.5 228 277
0424 379.0 133.0 186 292
0408 443.5 159.5 163 257
0408 128.5 172.0 257 272
0396 269.0 145.5 220 277
0404 90.5 123.0 221 302
0404 363.5 128.5 169 291
0400 366.5 111.5 127 317
0400 105.5 136.5 197 291
0370 395.5 188.0 163 238
0370 148.5 182.0 237 234
0394 266.0 124.0 202 302
0394 90.0 122.0 174 304
0372 343.5 182.0 175 240
0372 179.5 167.5 199 235
0347 147.5 136.0 231 284
0425 368.0 142.0 198 284
0425 106.5 124.0 199 294
0535 381.0 226.5 154 171
0535 121.5 127.0 205 308
0516 304.0 203.0 202 216
0516 374.0 147.5 30 79
0510 374.0 136.0 198 290
0510 126.0 105.5 266 327
0517 305.5 198.5 201 223
0443 316.5 145.5 235 275
0443 98.0 183.5 218 241
0518 312.0 201.5 196 217
0518 155.5 124.5 169 297
0477 405.0 125.0 156 302
0477 172.5 61.0 169 368
0513 321.0 193.0 192 230
0513 182.0 142.5 166 283
0525 152.5 164.0 165 276
0525 387.0 210.0 118 188
0520 303.0 155.0 140 268
0465 352.5 131.0 163 292
0465 154.5 131.0 215 286
0453 236.0 152.0 302 278
0453 35.0 138.5 178 289
0499 429.5 170.0 161 258
0459 363.0 134.5 178 279
0459 72.5 118.5 215 311
0486 373.5 182.0 163 242
0486 110.0 188.5 212 227
0546 362.5 137.0 183 278
0546 149.5 123.0 219 294
0495 377.0 136.5 166 293
0495 104.0 118.0 194 320
0439 343.0 138.0 186 282
0439 111.0 148.5 200 277
0463 386.5 121.5 123 303
0463 158.5 129.5 207 295
0470 342.5 133.5 155 289
0470 192.0 157.5 176 259
0457 292.5 138.5 293 295
0457 52.5 126.0 183 306
0491 363.5 124.5 169 307
0491 101.5 111.5 175 321
0445 308.0 143.0 212 274
0445 116.0 141.0 200 282
0488 360.5 153.5 177 273
0488 106.5 150.5 193 273
0555 299.0 210.5 206 199
0464 360.0 127.5 152 293
0464 157.5 128.0 197 290
0541 421.0 149.0 182 264
0541 97.5 201.0 257 238
0449 220.0 157.5 174 263
0521 304.0 182.5 144 241
0538 382.0 168.5 180 243
0538 152.0 142.5 206 281
0519 208.5 136.0 213 288
0531 399.0 208.0 114 192
0551 339.5 133.5 195 285
0551 153.0 112.5 196 325
0534 124.5 132.0 187 300
0534 394.5 221.0 131 176
0550 353.5 140.5 187 273
0550 120.5 118.0 209 316
0455 279.5 152.5 303 273
0455 41.5 132.5 191 299
0512 332.5 204.0 197 214
0512 154.0 133.0 200 288
0552 340.5 136.0 183 284
0552 153.0 135.0 200 290
0444 300.0 153.0 242 260
0444 109.5 181.5 203 245
0482 417.5 188.5 161 235
0482 162.5 202.5 209 213
0494 369.0 139.0 174 284
0494 113.0 113.5 176 319
0498 370.0 141.5 168 281
0498 121.0 112.5 214 311
0441 359.0 135.0 182 288
0441 106.5 183.5 239 241
0475 415.5 140.5 161 283
0475 174.0 97.0 130 334
0468 146.0 191.5 242 227
0485 378.5 186.0 165 238
0485 118.0 190.0 210 222
0484 378.5 187.5 179 237
0484 122.0 195.5 218 219
0428 361.0 220.0 208 196
0428 128.0 108.0 150 326
0432 326.5 200.0 211 222
0545 366.5 135.0 179 278
0545 153.5 114.5 209 311
0547 151.5 113.0 207 316
0547 355.5 134.5 185 281
0526 317.0 210.5 202 193
0526 133.5 169.5 167 269
0434 331.5 206.0 195 212
0434 116.0 131.5 198 287
0532 399.5 212.0 115 186
0429 358.0 222.0 194 198
0429 107.0 117.0 212 304
0473 409.5 149.0 175 274
0473 177.5 109.0 177 320
0431 330.0 204.5 210 215
0446 320.0 147.5 194 277
0446 118.5 126.0 193 292
0454 270.5 157.0 289 268
0454 38.5 138.5 193 291
0452 231.0 166.0 270 268
0452 14.5 146.5 193 281
0540 432.0 156.0 180 264
0540 98.5 191.0 271 258
0536 367.0 202.0 174 208
0536 123.5 122.5 223 309
0500 458.0 157.0 150 268
0500 144.5 115.5 221 309
0476 408.0 130.0 156 300
0476 168.5 49.0 143 384
0507 81.0 121.5 218 313
0507 414.5 133.0 169 290
0539 452.5 162.0 163 252
0539 136.0 163.0 248 276
0544 386.5 120.0 169 304
0544 170.5 148.5 165 273
0471 335.0 139.0 160 282
0471 181.0 140.0 174 282
0506 72.0 125.0 196 306
0506 419.0 124.5 158 303
0496 376.0 137.5 174 287
0496 97.0 136.5 212 291
0481 379.5 187.5 161 233
0481 170.5 207.5 213 213
0527 333.5 209.5 175 191
0527 134.5 170.0 161 272
0466 356.0 125.0 156 296
0433 326.5 205.5 203 213
0433 118.0 123.0 238 300
0554 311.5 213.0 197 196
0503 431.5 144.0 165 286
0503 82.5 109.5 211 329
0467 337.5 127.0 165 288
0450 90.0 148.0 358 284
0553 330.5 133.5 183 283
0553 159.5 134.5 187 291
0460 368.5 129.0 169 288
0460 66.0 130.5 252 307
0442 331.5 138.5 209 283
0442 101.5 189.0 231 238
0430 348.0 200.5 200 221
0430 151.0 122.5 202 299
0501 459.0 159.0 150 264
0501 114.5 110.0 241 312
0438 340.0 147.5 188 279
0438 114.5 137.0 189 284
0511 141.0 109.0 258 324
0511 374.5 136.5 185 291
0426 373.5 156.5 185 269
0528 347.0 212.0 162 188
0528 133.5 161.0 159 282
0487 378.5 176.5 157 249
0487 107.0 161.5 208 255
0461 95.0 128.5 246 309
0461 383.5 132.5 141 287
0451 207.5 163.5 261 271
0451 14.0 146.5 214 285
0543 398.5 126.0 165 292
0543 172.5 165.5 181 249
0472 355.0 141.5 160 285
0472 180.0 116.0 158 308
0469 217.0 167.5 176 241
0515 316.5 212.5 179 203
0515 394.0 137.0 24 88
0497 374.0 134.5 180 293
0497 115.5 111.0 187 322
0427 366.5 212.0 193 206
0462 387.0 125.0 126 298
0462 114.0 117.0 232 322
0523 333.0 194.0 146 218
0549 343.0 129.0 192 296
0549 121.0 116.5 198 311
0542 417.0 141.0 168 274
0542 151.0 205.5 208 211
0504 425.0 138.0 156 284
0504 79.5 106.0 177 328
0509 400.5 135.0 167 282
0509 116.0 107.5 198 319
0548 351.5 140.0 191 272
0548 131.0 111.0 202 320
0458 69.0 125.0 196 306
0458 354.0 140.0 190 276
0522 229.0 189.5 198 239
0483 391.0 186.0 176 240
0483 132.0 205.5 244 203
0447 290.5 150.5 217 269
0447 125.5 130.5 173 291
0435 332.5 203.0 191 218
0435 120.5 126.5 177 291
0448 114.5 141.0 211 286
0514 311.5 210.5 191 207
0479 347.0 123.5 174 297
0479 194.0 99.5 176 337
0474 416.5 150.5 169 273
0474 173.5 102.5 163 329
0530 389.0 210.0 118 188
0440 114.0 185.0 218 238
0440 362.0 126.5 174 299
0533 395.5 218.5 125 179
0533 131.0 143.0 176 288
0489 370.0 139.0 160 286
0489 103.0 143.5 202 275
0492 364.0 132.5 172 293
0492 101.5 119.0 173 310
0529 375.5 213.0 127 172
0529 128.5 162.0 167 278
0505 423.0 129.0 160 298
0505 74.5 110.0 183 326
0537 358.5 163.5 185 255
0537 165.0 132.5 194 291
0480 340.5 126.5 169 299
0508 94.0 124.0 190 304
0508 411.5 131.5 171 291
0437 330.5 200.0 197 224
0437 120.0 121.0 168 298
0490 359.0 136.0 178 292
0490 99.0 130.0 180 294
0556 279.0 210.0 202 204
0502 438.0 160.5 164 259
0524 339.0 207.0 124 194
0524 201.0 165.0 158 274
0493 366.0 130.5 172 299
0493 101.5 112.0 175 322
0456 282.0 141.0 306 288
0456 54.5 126.5 179 307
0436 331.0 203.0 194 218
0436 124.0 124.0 162 298
0478 388.5 113.5 157 327
0478 181.5 114.0 179 310
0565 241.0 123.0 156 292
0579 405.5 201.0 143 212
0579 68.5 240.5 205 133
0573 372.5 224.0 79 200
0625 61.0 141.0 158 280
0677 476.5 173.5 135 231
0677 31.0 211.5 146 189
0609 216.5 176.5 211 247
0647 198.5 53.0 255 304
0595 454.5 160.5 149 249
0654 347.5 185.5 109 231
0662 351.0 150.0 156 266
0603 78.5 179.5 225 221
0603 362.0 207.5 212 185
0682 30.5 202.5 195 199
0682 392.5 209.5 209 177
0640 392.5 152.0 167 266
0640 126.0 145.0 208 274
0605 136.5 172.0 231 238
0644 138.5 124.0 169 292
0588 410.0 150.5 152 267
0588 93.5 233.5 185 207
0652 341.5 179.5 95 241
0592 426.5 146.0 167 278
0623 59.0 141.0 164 282
0623 430.5 309.5 191 91
0577 396.0 213.5 116 207
0577 86.0 137.0 200 108
0619 452.0 143.5 188 193
0619 77.0 126.5 162 285
0657 337.5 182.0 145 234
0657 152.0 44.0 218 176
0679 478.5 183.5 133 213
0679 52.0 193.0 116 212
0615 418.5 104.5 211 217
0615 87.5 145.5 207 279
0621 442.5 227.5 207 175
0621 58.0 135.5 162 285
0561 191.5 46.5 255 321
0557 285.0 211.5 198 203
0670 444.5 135.0 183 280
0663 355.0 151.0 156 264
0580 404.5 203.5 155 207
0580 80.0 269.0 194 138
0632 44.0 180.5 178 235
0632 472.5 239.0 103 168
0624 60.0 140.0 160 288
0633 462.0 233.0 118 170
0633 47.0 156.0 172 264
0685 317.5 208.5 137 195
0685 117.5 172.5 173 231
0606 333.5 188.0 105 218
0606 170.0 209.5 188 199
0597 475.0 180.0 124 220
0597 17.5 192.0 147 214
0611 159.0 163.5 240 255
0611 427.0 164.5 176 223
0635 461.5 194.5 135 209
0635 54.5 163.5 193 253
0661 350.0 154.5 152 259
0571 355.0 222.5 88 195
0655 341.0 187.5 128 225
0613 395.0 121.5 236 215
0613 101.5 156.0 229 266
0667 389.5 127.5 221 285
0559 153.0 127.5 200 287
0651 336.5 175.5 101 249
0651 158.5 10.0 215 190
0668 411.0 133.5 226 281
0668 141.5 219.0 185 210
0618 82.5 127.5 163 287
0618 449.5 112.5 195 201
0569 334.5 211.0 103 218
0569 141.5 22.0 179 148
0648 356.0 121.5 92 249
0629 43.5 180.5 175 237
0659 342.5 162.5 153 253
0659 119.0 146.5 244 187
0600 26.5 176.0 167 228
0600 477.0 186.5 114 209
0574 375.0 226.0 104 190
0574 133.0 65.5 164 139
0570 321.0 220.0 118 200
0570 144.5 18.5 163 155
0572 370.0 221.5 80 201
0614 404.0 123.5 216 205
0614 93.5 160.0 225 256
0578 409.5 207.5 121 203
0578 73.5 175.5 203 125
0656 341.0 185.5 132 227
0656 145.0 28.5 222 187
0576 391.0 215.0 112 204
0576 133.5 112.5 161 117
0598 474.5 183.0 125 214
0598 33.0 170.0 140 242
0568 290.5 185.5 135 237
0610 164.0 153.0 246 270
0610 425.0 173.5 172 223
0681 412.5 195.0 189 190
0681 26.0 180.0 176 220
0612 404.0 140.5 222 207
0612 107.0 154.5 262 267
0585 397.0 151.0 150 268
0564 215.0 33.5 180 391
0634 461.0 222.5 120 175
0634 41.0 149.5 182 275
0643 390.5 135.0 95 268
0643 148.5 129.0 215 288
0581 394.5 200.0 175 212
0653 347.5 183.5 105 231
0607 333.5 172.5 131 231
0607 210.5 216.0 147 198
0616 429.5 99.5 205 229
0616 87.5 136.5 197 283
0680 474.5 181.5 125 215
0680 55.0 189.5 112 205
0684 96.0 178.0 186 228
0684 339.5 203.0 157 198
0671 448.5 138.5 173 281
0671 -5.0 177.0 150 260
0567 295.5 190.0 127 232
0636 442.0 158.5 156 251
0636 66.5 154.0 203 258
0586 395.5 152.0 155 268
0586 158.5 321.0 155 106
0642 382.0 170.0 136 244
0642 147.5 138.0 175 282
0593 436.5 151.5 161 265
0593 0.0 267.5 116 147
0587 399.5 148.5 161 271
0626 62.5 149.5 151 269
0650 300.0 173.5 130 251
0596 14.5 207.0 153 198
0596 472.5 177.5 125 227
0638 68.0 165.5 278 239
0638 437.0 155.5 152 257
0637 438.0 162.0 162 248
0637 69.5 157.0 241 254
0575 377.5 228.0 111 186
0583 383.0 163.5 178 251
0646 266.5 66.0 195 320
0622 64.0 139.5 154 283
0601 437.0 180.5 162 211
0601 25.0 196.0 204 212
0558 300.0 110.0 144 308
0590 415.0 151.0 164 272
0683 368.5 212.0 189 180
0683 54.0 198.5 204 205
0582 383.5 190.0 187 220
0591 422.0 144.5 162 277
0591 2.0 186.0 122 262
0665 360.5 145.0 147 278
0620 439.5 190.0 191 190
0620 75.5 134.0 155 284
0608 326.0 171.5 144 225
0666 367.5 144.5 159 267
0617 83.0 136.0 176 284
0617 434.5 99.5 195 223
0664 359.5 149.0 149 272
0584 387.0 156.0 164 256
0674 447.5 144.0 163 272
0563 204.5 75.0 225 254
0602 68.0 175.5 192 221
0602 382.5 195.5 203 189
0658 250.5 156.5 245 259
0641 377.5 192.0 149 214
0641 171.0 141.5 178 273
0649 353.5 144.0 87 248
0566 235.5 127.0 181 298
0627 50.5 159.0 171 262
0562 199.0 65.5 234 265
0686 153.5 158.5 135 249
0686 303.5 209.0 165 184
0676 464.0 161.5 142 247
0676 4.5 249.5 151 141
0672 443.0 140.5 176 277
0672 -3.0 181.5 132 263
0604 120.0 177.0 242 230
0604 340.0 207.0 162 190
0599 478.0 197.0 116 202
0599 42.0 172.5 140 233
0630 52.0 168.5 162 247
0560 248.5 42.0 207 330
0594 449.0 162.5 152 249
0594 -1.0 283.0 142 112
0678 471.5 180.0 129 220
0678 21.5 199.5 137 207
0675 459.5 153.0 149 262
0631 42.5 185.5 175 229
0631 444.0 245.0 148 162
0589 416.0 152.0 160 264
0589 75.0 248.5 186 121
0639 420.0 158.5 150 251
0639 96.5 160.0 257 254
0660 351.0 160.5 148 259
0660 164.0 190.0 206 184
0673 449.5 139.5 171 277
0673 4.0 256.5 114 175
0628 45.0 180.5 178 235
0669 429.5 138.0 205 276
0669 117.5 216.5 195 207
0645 275.0 72.0 188 314
0645 107.0 86.0 162 248
0690 308.5 196.0 109 204
0688 273.0 191.5 170 197
0691 328.0 195.0 112 206
0695 208.0 59.5 240 375
0687 280.0 205.5 194 191
0687 174.0 157.0 126 252
0696 170.5 34.5 165 255
0696 324.5 82.5 177 369
0693 196.0 83.5 218 327
0694 206.5 64.0 235 364
0692 178.0 138.0 268 268
0689 189.5 165.0 161 252
