0013 428.0 189.5 164 219
0013 168.0 206.5 146 209
0017 390.0 141.5 156 269
0017 214.0 197.0 184 224
0010 400.0 174.5 170 247
0010 186.5 80.5 205 345
0011 383.5 158.5 165 257
0011 209.0 135.0 190 284
0003 396.5 157.0 167 270
0003 119.5 136.0 185 294
0014 426.5 166.0 163 240
0014 156.5 153.5 205 271
0015 417.0 159.5 140 257
0015 189.5 201.0 227 218
0020 417.0 159.0 172 256
0020 170.5 136.0 165 288
0019 335.0 151.5 172 267
0019 187.5 131.0 149 292
0008 345.5 156.5 179 271
0008 181.5 123.0 179 294
0001 399.0 154.0 168 274
0001 114.0 120.0 180 312
0002 399.5 157.5 165 269
0002 113.0 125.0 186 310
0026 394.5 148.5 171 269
0026 127.5 111.0 151 318
0005 382.0 160.0 184 264
0005 113.5 127.0 221 302
0022 413.0 162.0 176 250
0022 134.0 120.5 180 309
0021 418.5 160.0 163 254
0021 152.0 125.5 168 305
0009 387.5 163.0 179 256
0009 184.0 113.5 190 311
0016 399.0 156.0 158 260
0016 130.0 210.5 270 217
0018 365.0 150.5 176 267
0018 204.0 165.0 160 252
0024 409.5 153.5 185 263
0024 129.5 104.5 173 323
0012 386.5 170.5 157 239
0012 189.5 186.0 151 230
0007 358.5 161.5 191 259
0007 143.5 132.0 215 294
0025 406.0 147.0 158 274
0025 124.5 105.5 159 329
0006 374.0 161.0 184 260
0006 114.0 138.0 246 290
0023 417.5 158.5 161 255
0023 127.5 122.5 165 311
0004 393.5 158.5 173 267
0004 113.0 132.0 188 304
0062 301.0 105.0 194 180
0062 105.5 130.0 193 298
0042 390.5 158.0 179 262
0042 51.0 138.0 224 284
0117 376.0 178.0 198 244
0117 92.5 141.5 191 285
0118 373.0 176.5 188 245
0118 94.0 133.5 174 285
0143 49.0 198.5 222 223
0127 117.0 176.0 218 250
0178 325.5 227.0 185 184
0097 363.0 164.0 170 248
0097 153.0 99.5 176 333
0102 417.0 186.5 174 227
0102 136.5 176.5 243 247
0161 440.0 186.5 144 207
0161 63.5 234.0 203 168
0053 347.5 186.5 179 233
0053 136.5 180.0 197 242
0168 363.5 239.0 173 158
0168 104.5 192.5 173 221
0036 352.5 155.5 197 263
0036 71.0 133.0 224 286
0156 499.5 212.0 103 182
0156 48.5 224.0 183 184
0079 427.0 157.5 114 255
0079 91.0 126.0 186 308
0167 100.5 191.5 175 227
0167 374.0 211.0 162 188
0144 52.0 198.0 214 226
0144 561.0 236.0 76 176
0030 403.5 156.5 159 265
0030 67.0 132.5 222 291
0128 104.0 170.0 206 258
0038 375.5 162.0 173 258
0038 81.0 125.5 190 299
0081 421.5 147.5 127 263
0081 95.0 115.5 184 323
0083 401.0 145.0 162 266
0083 49.5 125.5 215 305
0057 345.5 199.5 207 217
0057 119.0 116.0 174 310
0100 422.5 178.0 155 240
0100 180.0 199.0 246 226
0052 361.5 197.0 177 218
0052 134.5 175.5 179 253
0129 101.5 170.5 227 255
0109 385.0 149.0 178 270
0109 139.5 58.0 195 386
0126 121.5 186.0 267 232
0141 65.0 183.0 200 246
0141 502.5 277.0 101 128
0157 498.5 216.0 109 178
0157 65.0 242.0 176 160
0045 399.0 158.0 168 260
0045 64.5 117.5 197 311
0104 373.5 185.0 205 234
0104 113.5 176.0 211 244
0134 58.5 150.0 223 276
0179 322.5 205.0 165 206
0028 126.5 112.5 165 315
0028 395.0 151.5 174 271
0115 407.0 185.0 184 232
0115 105.5 181.0 211 242
0049 267.0 142.0 216 272
0119 365.0 182.0 212 240
0119 88.5 127.5 173 297
0170 152.0 182.5 214 231
0170 355.0 222.0 196 180
0160 479.0 207.0 110 188
0160 71.0 226.0 214 176
0124 135.5 200.0 275 216
0034 337.5 158.0 223 250
0034 75.5 127.0 187 300
0162 409.5 196.5 175 185
0162 69.0 241.0 182 156
0121 371.0 149.0 168 266
0082 412.0 147.5 148 261
0082 78.0 110.5 198 321
0039 383.0 163.5 180 257
0039 82.0 120.5 200 305
0123 145.0 206.0 264 212
0108 374.5 167.0 195 250
0108 124.0 109.5 164 319
0177 343.5 239.5 161 171
0169 361.0 224.5 188 177
0169 124.0 186.5 200 227
0071 311.0 153.0 134 266
0071 142.5 123.5 183 297
0087 361.5 121.0 141 292
0087 190.0 106.0 194 334
0089 173.5 198.5 263 215
0093 371.0 195.0 170 218
0093 128.5 151.0 181 276
0064 289.5 113.0 187 246
0064 93.5 121.0 215 306
0171 156.0 169.5 250 237
0171 367.0 236.0 176 154
0080 425.0 152.0 120 260
0080 85.0 118.5 196 319
0051 366.0 210.0 186 204
0051 158.5 189.5 241 229
0068 331.5 166.0 155 252
0068 137.5 172.0 195 262
0145 41.0 198.0 236 224
0147 534.5 271.0 95 112
0147 51.0 221.0 212 192
0166 373.5 181.5 153 217
0166 94.5 216.5 183 197
0086 176.0 50.0 188 384
0086 362.0 139.5 138 273
0103 407.0 184.0 188 236
0103 126.5 182.5 189 241
0073 330.5 179.5 109 219
0132 74.5 139.0 219 290
0060 362.0 107.0 150 288
0060 75.0 132.0 224 292
0153 510.0 214.0 102 182
0153 48.0 225.0 186 182
0130 106.5 145.0 193 280
0085 138.5 68.0 201 366
0085 329.0 140.5 182 273
0173 337.5 234.5 187 163
0133 68.0 144.5 226 281
0164 340.5 209.0 193 186
0164 86.0 225.5 180 181
0110 359.5 151.0 175 258
0110 171.0 101.5 174 339
0155 503.0 211.0 102 184
0155 56.5 243.0 165 162
0136 78.5 139.0 175 288
0066 308.5 180.0 189 236
0066 125.5 178.5 195 251
0058 355.5 231.5 185 183
0058 97.5 131.5 207 297
0114 115.5 183.0 231 236
0114 413.0 200.0 176 214
0050 370.0 235.0 172 180
0078 411.5 153.0 129 262
0078 97.5 155.5 211 267
0122 168.0 75.5 194 345
0037 375.0 162.5 170 255
0037 79.0 128.5 210 295
0149 524.0 233.0 104 168
0149 53.5 226.0 203 178
0165 364.5 204.0 171 192
0165 97.0 222.5 174 189
0140 51.0 167.0 212 264
0172 216.0 189.5 200 217
0055 353.5 194.0 199 220
0055 117.0 152.0 188 270
0180 312.0 203.5 174 209
0106 380.5 181.5 187 239
0106 97.0 141.5 184 291
0033 353.0 152.5 216 263
0033 74.0 120.5 184 301
0074 69.0 172.0 180 254
0074 271.5 182.0 229 232
0032 378.5 151.0 189 264
0032 61.5 134.0 209 284
0061 363.5 91.5 135 237
0061 83.0 124.0 208 302
0048 355.0 151.5 140 265
0048 127.0 47.5 196 395
0139 58.0 145.0 194 282
0105 380.5 181.5 193 239
0105 105.0 156.0 204 264
0094 356.5 196.5 189 221
0094 112.5 144.0 195 282
0159 487.0 211.0 118 188
0159 76.5 249.0 135 152
0056 344.5 201.0 209 214
0056 113.5 139.0 191 282
0043 385.0 159.5 186 263
0043 60.0 131.0 202 290
0090 165.5 180.0 275 244
0099 355.5 134.5 157 285
0099 197.0 73.0 172 358
0031 59.0 140.0 226 284
0031 404.5 155.0 161 270
0072 302.0 153.5 136 243
0088 197.5 202.5 253 223
0027 398.0 150.5 166 271
0027 125.5 121.5 157 303
0047 393.5 149.0 183 262
0047 106.0 85.5 208 353
0120 394.0 152.0 180 270
0120 123.5 109.5 179 315
0163 360.0 208.0 212 182
0163 77.5 235.0 169 166
0135 63.5 148.0 213 276
0044 64.0 122.5 192 303
0044 393.0 158.0 180 264
0174 392.0 266.5 146 147
0077 421.0 163.0 130 240
0077 80.5 166.5 191 263
0054 349.5 197.5 203 217
0054 126.5 165.5 185 265
0113 429.0 193.5 158 221
0113 137.0 195.0 226 220
0125 130.0 198.0 272 220
0065 302.5 140.0 159 268
0065 122.5 140.0 187 290
0075 373.0 167.0 160 236
0075 76.5 170.0 175 258
0131 103.5 142.5 197 277
0096 354.5 201.5 193 215
0096 116.5 128.0 179 292
0175 376.0 276.0 146 130
0150 526.5 212.5 93 189
0150 52.5 221.5 227 185
0091 362.5 177.5 183 241
0091 145.5 176.0 221 248
0084 352.0 151.0 198 258
0084 71.0 119.0 206 318
0111 169.5 207.5 269 203
0111 435.5 191.5 147 225
0112 155.0 188.0 254 228
0112 443.5 203.5 149 211
0148 528.0 252.0 98 110
0148 51.0 223.5 208 185
0152 513.5 208.0 111 192
0152 48.0 224.0 184 184
0101 153.5 182.5 255 245
0101 440.0 185.5 156 233
0092 350.5 187.0 197 230
0092 125.0 170.0 204 256
0154 509.5 208.0 101 188
0154 67.5 241.5 177 157
0041 390.5 160.5 175 261
0041 48.5 138.0 233 284
0070 329.0 154.0 156 258
0070 142.0 141.5 180 287
0151 524.0 212.0 92 184
0151 48.5 229.0 219 176
0046 407.5 160.5 153 257
0046 57.0 114.0 206 316
0138 50.5 143.0 203 284
0116 387.5 182.0 185 240
0116 103.0 157.0 200 262
0095 352.0 200.5 194 215
0095 110.5 130.0 195 292
0063 305.5 102.0 185 202
0063 104.5 124.5 193 299
0107 371.5 178.0 195 242
0107 106.5 131.5 161 287
0069 332.0 161.5 162 257
0069 136.0 177.5 194 261
0067 317.0 172.0 170 240
0067 128.0 180.0 202 252
0158 495.0 214.0 108 180
0158 79.5 218.5 171 183
0035 340.0 154.5 216 253
0035 57.5 129.5 217 297
0076 398.0 155.0 138 258
0076 78.0 167.0 190 264
0146 45.5 204.5 221 217
0098 358.5 140.0 157 274
0098 168.5 41.5 193 397
0040 388.5 161.0 175 260
0040 70.5 121.5 199 311
0142 59.5 200.0 203 220
0059 347.5 177.5 207 241
0059 72.5 136.0 223 292
0029 403.5 154.5 157 267
0029 93.5 129.0 189 296
0137 80.5 136.0 173 288
0181 300.0 161.5 174 257
0278 455.0 157.5 162 257
0278 142.0 109.0 178 326
0204 384.5 166.5 161 241
0204 200.5 151.5 173 273
0284 441.0 141.5 166 279
0284 91.0 115.0 184 312
0292 426.0 157.0 176 264
0292 72.0 122.5 180 309
0279 455.5 150.5 161 267
0279 127.0 115.0 166 314
0279 298.5 106.5 75 123
0202 398.0 166.5 176 245
0202 177.5 107.0 219 324
0307 114.5 149.5 183 275
0308 115.0 138.5 174 281
0295 424.5 171.5 165 251
0295 102.0 92.0 204 342
0271 431.0 174.5 150 227
0271 133.5 156.0 245 290
0270 403.0 176.5 150 227
0270 151.0 186.0 142 248
0196 359.5 151.5 157 263
0196 150.0 131.5 174 287
0303 123.5 175.0 215 246
0300 149.0 182.5 264 239
0189 349.0 147.5 170 269
0189 96.5 138.0 209 286
0306 117.0 147.5 180 281
0305 120.0 147.5 200 283
0313 70.5 136.5 205 293
0294 426.5 163.0 163 254
0294 87.0 105.0 190 324
0187 362.5 152.0 177 262
0187 117.0 145.5 178 281
0185 355.0 146.0 164 270
0185 117.0 132.0 178 296
0310 75.5 143.5 215 283
0182 303.0 148.0 194 274
0182 92.0 143.0 194 292
0186 356.5 149.5 185 263
0186 114.5 139.5 179 291
0198 364.0 152.5 148 261
0198 139.0 127.0 170 298
0288 429.0 146.5 182 279
0288 89.0 108.5 160 329
0188 370.5 159.0 159 258
0188 108.5 139.5 193 279
0297 343.0 160.0 210 256
0297 138.0 98.5 192 339
0267 357.0 166.0 138 240
0267 107.5 113.5 209 319
0298 312.0 166.5 222 247
0290 427.0 157.0 178 264
0290 84.5 108.0 173 326
0190 328.5 150.0 151 248
0190 107.0 140.0 196 280
0309 91.0 137.5 194 293
0281 453.0 155.0 162 262
0197 365.5 149.0 167 256
0197 153.0 133.0 164 290
0286 436.0 147.5 170 277
0286 88.5 113.0 157 320
0205 180.5 139.5 167 283
0205 360.0 158.0 150 250
0268 361.5 165.0 127 242
0268 125.0 98.0 204 346
0299 164.0 148.5 234 273
0299 388.5 275.5 243 153
0275 387.0 146.5 174 263
0275 168.0 149.5 182 273
0193 332.0 148.5 162 263
0193 169.5 146.5 169 275
0184 337.5 145.5 179 277
0184 115.5 115.0 191 324
0194 367.0 166.5 170 241
0194 163.0 144.5 192 269
0199 354.0 151.0 164 264
0199 154.0 120.5 172 301
0274 398.5 146.0 169 262
0274 174.5 188.0 197 238
0302 126.5 173.5 215 251
0291 428.0 154.5 178 267
0291 87.0 111.0 170 324
0203 396.0 179.0 172 238
0203 191.5 132.5 193 291
0287 430.5 148.5 185 275
0287 89.5 109.0 155 330
0183 318.0 146.5 190 281
0183 106.0 128.5 204 307
0195 364.5 146.0 169 262
0195 162.0 138.5 182 277
0201 341.5 148.5 157 277
0201 186.0 114.5 174 307
0280 454.0 155.0 164 262
0280 121.5 111.5 191 325
0272 422.0 173.5 166 221
0272 111.0 192.5 252 261
0296 398.0 154.5 166 265
0296 125.5 53.0 183 382
0311 69.0 144.0 220 282
0293 428.0 164.0 170 252
0293 62.0 122.0 186 308
0192 172.5 145.0 195 282
0277 429.5 156.5 175 257
0277 165.0 110.0 144 332
0289 426.5 149.5 185 277
0289 84.0 106.0 166 330
0283 444.0 151.0 170 266
0283 109.5 115.0 185 316
0269 353.5 162.0 137 244
0269 168.5 128.0 173 294
0282 448.0 155.5 164 261
0282 112.5 113.0 181 320
0301 145.5 163.5 249 251
0285 436.5 144.5 171 275
0285 89.5 112.5 161 319
0312 70.0 138.5 222 291
0304 126.0 153.5 184 271
0266 359.0 167.0 136 236
0266 115.0 110.5 188 317
0200 344.0 155.0 164 266
0276 375.5 153.5 177 255
0276 171.5 132.5 161 295
0191 306.5 157.0 127 242
0273 420.0 161.5 164 237
0273 106.5 210.0 253 230
0323 74.5 183.5 229 241
0344 133.5 202.0 169 234
0344 393.5 270.0 81 134
0326 81.5 185.0 255 240
0386 399.0 152.5 158 265
0386 121.0 187.0 218 236
0413 118.0 184.0 226 258
0413 406.5 277.0 189 132
0350 380.0 148.5 174 269
0350 113.5 184.0 223 256
0340 149.5 188.0 217 236
0370 317.0 203.5 208 215
0370 113.5 137.0 189 280
0403 332.0 223.0 172 196
0394 164.5 156.0 231 258
0355 153.5 153.5 241 263
0368 323.0 203.0 200 216
0368 125.0 181.0 184 238
0338 143.5 196.0 225 236
0332 341.5 226.0 271 192
0332 91.0 194.0 224 232
0393 345.5 207.5 215 209
0393 178.0 157.5 166 263
0333 370.0 234.0 174 144
0333 91.0 181.5 224 243
0375 345.5 160.5 177 257
0375 75.0 137.5 224 287
0384 392.0 159.5 170 261
0384 128.0 186.5 206 237
0384 308.5 183.0 57 34
0397 329.0 202.5 202 207
0357 213.5 149.5 215 265
0420 405.5 255.0 97 142
0420 120.5 206.0 165 226
0335 92.0 193.5 236 233
0421 84.5 202.5 201 233
0421 429.0 254.0 88 140
0418 342.0 276.0 132 136
0418 105.0 209.5 162 229
0329 87.5 193.5 231 231
0322 79.0 188.0 218 242
0345 392.0 258.5 124 137
0345 122.0 190.0 184 242
0363 344.0 214.0 170 204
0395 197.5 167.5 327 241
0320 68.5 170.5 209 259
0410 378.5 277.5 193 125
0410 122.5 182.5 217 259
0389 389.5 143.5 157 277
0389 118.5 193.5 199 229
0346 122.0 199.0 198 234
0346 392.0 247.5 152 151
0383 373.5 161.0 197 260
0383 134.5 187.0 263 234
0356 136.0 155.5 278 257
0377 377.0 156.0 154 254
0377 78.5 135.5 209 291
0380 339.5 151.0 135 270
0380 133.5 151.0 239 276
0378 354.0 148.5 192 263
0378 82.0 133.5 204 299
0379 115.0 145.0 188 282
0379 362.0 161.0 102 258
0361 375.0 268.5 162 145
0351 381.0 147.0 166 270
0351 111.5 173.0 225 262
0391 373.5 192.0 179 222
0391 113.0 160.0 196 260
0343 134.5 196.5 163 239
0343 383.5 273.5 103 129
0342 112.5 212.5 155 221
0342 332.0 280.0 146 126
0382 390.0 162.0 184 258
0382 153.0 187.0 236 234
0319 56.0 141.0 206 290
0407 121.5 175.5 191 257
0407 373.5 223.0 121 162
0388 393.0 152.0 158 268
0388 122.0 197.0 192 222
0317 47.0 141.0 212 288
0328 88.5 194.0 231 228
0334 328.5 198.0 155 224
0334 83.0 189.0 248 236
0366 327.5 203.5 199 215
0321 80.0 167.5 194 265
0376 369.0 149.5 162 265
0376 74.5 137.5 217 285
0365 336.5 208.0 185 210
0373 324.5 212.5 213 203
0373 102.5 141.5 197 283
0316 52.0 138.5 210 287
0381 357.5 164.0 185 252
0381 159.5 202.0 161 214
0422 118.0 189.5 184 241
0422 405.0 264.0 86 126
0347 377.5 197.5 201 213
0347 107.5 195.0 245 236
0367 321.5 200.0 203 222
0367 110.5 178.0 199 246
0385 392.0 154.5 168 263
0385 118.5 184.0 229 242
0354 370.0 161.5 154 255
0354 187.0 150.0 182 272
0349 384.0 183.0 168 230
0349 107.5 187.5 231 249
0318 54.5 136.0 199 298
0387 395.5 152.0 155 270
0387 121.5 186.5 207 237
0330 87.5 197.0 233 228
0392 363.0 199.5 188 215
0392 115.5 159.0 199 262
0315 76.0 134.5 184 289
0374 335.0 183.5 192 237
0374 76.5 131.0 219 300
0337 119.5 187.5 227 239
0352 376.0 153.0 160 262
0352 127.5 149.0 205 282
0331 412.0 229.0 222 194
0331 87.0 194.0 234 232
0401 365.0 240.5 130 165
0390 391.0 143.5 162 277
0390 115.5 182.5 185 241
0341 115.5 209.0 177 220
0341 278.5 282.5 177 127
0405 327.5 213.0 177 202
0408 377.0 217.5 148 193
0408 121.0 172.5 210 261
0371 321.0 207.5 200 209
0371 113.5 135.5 183 283
0362 346.0 218.0 166 194
0324 75.5 190.5 233 241
0409 116.5 191.5 243 247
0409 401.0 228.5 122 181
0412 122.0 184.0 218 258
0314 77.5 136.0 181 292
0398 382.0 230.0 176 190
0399 381.0 230.5 156 189
0414 117.0 198.0 234 234
0414 389.0 225.0 150 172
0396 366.0 203.0 172 204
0327 91.5 184.5 231 241
0364 337.5 211.5 183 205
0404 327.5 226.0 185 188
0336 96.5 190.5 233 237
0415 377.5 248.5 161 147
0415 121.5 201.5 223 229
0339 146.0 187.5 222 243
0417 302.0 280.0 152 132
0419 100.5 216.5 161 217
0419 371.0 267.5 116 141
0402 342.5 238.5 167 163
0411 382.0 279.0 200 132
0411 121.0 184.0 220 256
0372 318.0 204.0 218 214
0372 109.5 141.5 187 277
0400 380.5 293.0 149 122
0416 123.5 198.5 229 237
0416 369.5 273.0 115 132
0353 376.0 156.0 152 260
0353 161.5 163.0 181 272
0369 318.0 196.0 208 224
0369 122.5 146.5 181 281
0348 384.5 196.0 191 216
0348 109.0 195.5 236 237
0325 88.5 185.5 235 241
0406 320.0 210.0 186 202
0406 113.5 180.0 219 240
0358 379.5 169.0 153 246
0495 332.5 222.5 175 183
0495 111.5 236.5 193 201
0533 395.5 194.0 149 222
0533 154.0 179.5 196 245
0463 371.5 164.0 183 252
0463 152.0 169.5 244 235
0483 160.5 179.5 299 245
0526 357.5 186.5 143 235
0526 139.0 110.5 154 317
0433 434.0 148.0 174 272
0433 70.5 111.5 195 327
0565 37.0 156.0 178 262
0565 461.5 297.5 181 111
0541 380.0 156.0 156 262
0541 180.5 143.5 163 283
0503 342.0 102.5 216 297
0503 133.5 125.0 197 308
0454 383.0 151.0 172 266
0454 177.5 220.0 109 198
0478 357.0 205.0 198 210
0478 119.0 139.0 178 286
0434 434.0 150.0 154 280
0434 113.0 109.5 188 313
0552 348.5 165.0 147 250
0532 168.5 174.5 201 251
0532 416.5 184.5 133 231
0480 145.0 172.0 220 258
0480 357.5 225.0 193 182
0511 302.0 163.5 162 271
0566 48.0 160.0 190 252
0560 411.0 101.5 198 205
0560 47.5 141.0 261 290
0561 48.0 140.5 234 291
0561 428.0 106.0 208 206
0484 155.5 178.0 263 252
0484 368.0 287.0 200 118
0458 369.5 151.0 167 262
0458 183.0 47.0 164 386
0543 308.5 208.0 211 204
0550 348.5 139.0 171 274
0546 391.0 162.5 176 253
0546 150.0 121.0 178 308
0436 426.5 157.0 151 262
0436 105.5 122.5 247 291
0443 391.5 154.0 167 274
0443 103.5 110.5 197 319
0485 375.5 283.0 189 128
0485 159.5 184.0 245 242
0488 163.0 194.5 194 233
0488 388.5 315.0 185 98
0498 364.0 198.0 142 204
0498 141.0 198.0 162 232
0468 395.0 163.0 172 254
0468 175.0 256.5 164 161
0501 367.0 132.5 140 285
0501 120.5 173.5 217 257
0528 170.0 48.0 198 392
0528 371.5 142.0 121 288
0497 375.0 206.0 114 186
0497 129.0 202.5 176 229
0440 402.5 154.0 155 270
0440 79.0 103.5 188 329
0449 160.5 208.0 313 212
0464 372.0 158.5 172 259
0464 163.0 161.5 222 239
0547 376.0 163.5 180 247
0547 153.5 143.0 173 282
0450 355.0 167.5 156 245
0450 198.0 190.5 172 231
0486 170.0 180.5 224 251
0523 356.0 184.5 146 237
0523 125.0 149.5 174 277
0456 384.5 151.5 157 265
0456 151.0 61.5 150 361
0438 406.5 158.0 153 264
0438 91.0 108.5 230 317
0545 373.5 191.5 177 215
0545 162.5 104.5 179 319
0522 356.0 183.5 148 235
0522 131.5 150.0 173 276
0448 177.0 208.5 288 211
0447 138.5 180.5 241 249
0447 336.0 212.0 174 196
0466 348.0 149.0 172 270
0466 176.5 158.5 199 263
0516 193.5 173.0 239 258
0469 380.5 160.0 183 260
0460 324.0 156.5 208 255
0452 334.0 136.5 166 281
0452 179.0 138.5 172 295
0482 382.5 219.0 151 192
0509 292.5 144.5 163 275
0509 152.5 92.5 171 351
0471 374.5 161.5 177 251
0471 316.5 184.0 47 40
0471 144.5 146.0 183 280
0502 370.0 126.5 172 295
0538 366.0 181.5 176 237
0538 119.5 130.0 177 292
0540 358.0 168.5 186 245
0540 119.5 131.0 189 306
0435 433.5 152.0 155 274
0435 121.0 124.5 162 289
0467 175.5 153.5 299 271
0512 291.0 161.0 186 260
0518 156.0 181.5 222 239
0518 386.0 214.5 142 203
0423 114.0 187.5 184 247
0423 414.0 227.0 134 160
0504 333.0 113.0 176 258
0439 402.0 155.5 150 269
0457 376.5 152.0 163 260
0457 174.0 52.0 160 380
0555 380.5 156.0 207 194
0555 139.0 147.0 226 276
0475 372.0 151.0 172 262
0475 131.0 118.0 160 306
0429 422.0 199.0 180 212
0429 54.5 133.0 211 298
0499 351.5 165.0 193 250
0499 131.0 199.5 192 227
0554 164.5 167.0 227 242
0479 328.0 209.0 212 208
0479 121.0 170.5 210 261
0520 382.5 183.5 127 237
0520 127.0 174.0 210 250
0527 359.5 166.0 135 252
0500 141.5 199.5 227 229
0500 333.5 153.5 173 263
0505 164.0 119.5 292 291
0506 161.0 75.5 290 351
0517 182.0 186.5 182 231
0517 419.0 239.0 112 172
0510 293.5 170.0 169 260
0510 156.5 128.0 167 296
0536 382.0 190.0 148 224
0536 122.0 148.0 200 282
0465 344.0 154.0 180 262
0465 183.5 144.0 187 260
0442 393.0 154.5 160 271
0442 84.5 91.5 181 347
0462 155.5 186.0 245 242
0462 391.0 160.0 184 264
0531 182.0 174.5 244 253
0531 447.0 296.5 100 119
0524 351.0 193.5 150 229
0524 115.5 145.0 183 276
0473 377.0 150.5 166 261
0473 134.0 126.0 162 296
0428 426.5 200.5 171 205
0428 71.0 124.5 194 309
0553 392.5 166.0 181 236
0553 174.0 159.5 222 253
0425 427.5 206.5 175 193
0425 80.0 139.0 210 298
0535 379.0 186.5 154 229
0535 123.5 173.0 203 252
0459 368.0 148.5 160 261
0459 190.0 52.0 170 388
0461 339.5 146.5 191 267
0451 343.0 143.0 166 272
0451 190.0 142.5 178 289
0481 375.5 204.0 169 208
0481 177.0 169.5 176 257
0534 387.0 189.0 152 226
0534 126.5 178.0 209 246
0563 57.0 144.0 160 278
0563 447.0 159.0 182 214
0519 382.5 204.5 131 205
0551 358.0 145.0 142 272
0549 350.0 150.0 172 260
0549 175.0 185.0 180 238
0477 355.5 204.5 199 211
0477 121.5 117.0 169 314
0544 313.0 192.5 198 215
0564 48.5 145.0 157 276
0564 449.5 181.0 191 194
0494 341.5 250.0 155 154
0494 118.5 214.5 169 221
0562 432.5 126.0 203 200
0562 49.5 142.5 219 289
0490 149.5 190.5 229 243
0490 387.0 229.5 152 163
0539 364.5 177.0 177 242
0539 120.5 132.0 173 290
0508 290.0 132.5 146 287
0508 148.5 61.5 171 371
0521 124.5 171.0 195 256
0521 367.5 188.5 135 227
0427 431.0 202.0 164 204
0427 72.0 110.0 204 328
0559 402.0 109.0 194 210
0559 78.0 142.5 256 287
0529 183.0 77.5 206 355
0529 363.0 133.5 102 271
0430 49.0 127.5 210 301
0430 420.5 194.0 179 218
0493 346.5 265.0 133 146
0493 142.0 207.5 170 231
0446 329.5 195.0 185 216
0446 122.0 138.0 208 292
0441 400.0 153.5 156 271
0474 374.0 154.5 170 257
0474 133.5 120.5 163 305
0491 154.0 192.0 214 232
0491 370.5 259.0 161 136
0444 375.5 149.0 151 268
0444 126.0 119.0 170 308
0424 422.0 207.0 182 194
0424 84.0 166.5 204 269
0515 321.5 157.0 177 254
0558 407.0 129.0 182 196
0558 91.5 146.5 223 281
0513 203.5 68.0 225 356
0453 393.0 150.0 176 266
0453 165.0 118.0 212 308
0556 366.5 144.0 223 206
0556 127.5 155.5 215 261
0489 159.0 194.0 214 236
0476 363.0 193.5 184 221
0476 127.0 115.0 170 316
0557 375.5 145.0 211 192
0557 107.0 143.5 236 283
0445 344.0 200.5 174 207
0445 124.5 147.0 167 278
0496 366.5 211.0 123 182
0496 118.5 205.5 185 229
0537 379.0 188.0 156 228
0537 124.5 144.0 187 282
0431 69.5 134.5 189 291
0431 425.5 158.0 169 262
0525 347.0 195.5 154 227
0525 119.5 133.5 173 287
0455 382.0 154.0 170 260
0455 162.0 113.5 132 301
0514 246.5 126.0 243 298
0432 431.0 151.0 176 266
0432 70.0 119.0 186 308
0542 335.0 200.5 178 211
0548 363.5 157.5 173 249
0548 162.5 178.5 185 245
0472 382.5 156.0 157 258
0472 129.5 144.0 177 286
0487 165.5 194.0 201 234
0470 372.5 158.0 179 258
0470 157.5 153.5 195 269
0426 429.5 208.0 171 190
0426 71.5 117.0 211 326
0492 157.5 188.5 215 239
0492 347.0 264.5 104 151
0437 418.0 163.0 138 256
0437 98.5 122.5 243 293
0530 185.0 192.0 280 234
0595 478.0 213.5 108 183
0595 70.5 233.5 139 169
0585 517.0 225.0 86 170
0585 61.0 239.0 156 164
0611 366.5 237.5 163 167
0605 396.5 219.5 177 181
0605 150.0 198.5 210 201
0642 368.5 155.5 139 261
0642 165.0 181.5 190 241
0637 382.0 162.0 156 256
0637 116.5 188.5 197 233
0612 351.5 215.5 169 195
0571 61.5 228.0 187 180
0661 351.0 139.0 124 278
0661 111.5 183.0 217 242
0658 350.0 151.0 166 276
0658 114.5 183.5 207 239
0617 276.5 218.0 223 190
0617 86.5 161.0 149 254
0573 57.0 206.0 196 206
0599 401.5 196.0 155 194
0682 265.0 173.0 172 234
0616 339.5 219.5 161 191
0616 112.5 194.5 189 217
0576 60.0 218.0 200 192
0601 415.5 244.5 165 153
0601 83.5 200.0 177 198
0603 104.0 197.0 196 204
0603 403.5 231.0 167 166
0622 386.5 223.5 163 187
0622 75.0 171.5 174 255
0639 378.0 162.0 154 252
0639 110.5 182.5 197 243
0663 333.0 159.0 130 250
0663 127.0 175.5 194 253
0636 383.0 163.0 148 254
0636 121.5 196.5 205 221
0630 400.5 157.5 141 261
0630 136.5 198.0 183 222
0570 68.5 223.5 183 185
0671 414.0 161.5 128 251
0671 73.5 171.5 197 255
0655 335.0 223.5 186 195
0652 359.0 231.0 176 180
0584 527.5 226.5 87 167
0584 58.5 221.5 201 185
0650 383.0 238.5 156 171
0650 152.5 218.0 225 194
0586 515.5 219.5 91 171
0586 52.0 241.5 164 161
0684 346.5 129.0 171 280
0640 375.5 158.0 147 260
0640 121.0 173.5 186 253
0681 156.5 126.0 229 296
0598 402.5 192.0 163 196
0598 73.5 215.0 173 190
0635 387.0 162.5 154 253
0635 125.0 194.5 208 223
0679 303.0 159.0 164 244
0632 390.5 167.5 141 245
0632 117.5 181.0 285 242
0628 405.5 153.0 157 266
0628 88.5 174.5 203 257
0610 371.5 240.0 157 162
0657 332.0 203.5 186 211
0657 106.0 186.5 204 235
0621 366.0 223.0 182 186
0621 81.0 149.0 166 282
0686 237.5 203.0 257 208
0578 52.5 216.0 201 192
0651 364.5 228.0 175 190
0676 80.5 117.0 219 326
0676 397.5 147.5 137 249
0602 72.5 194.0 233 214
0602 411.5 236.5 169 159
0659 355.5 149.0 161 276
0659 115.5 194.0 219 232
0638 382.0 161.5 150 257
0638 119.0 195.0 214 224
0634 391.5 163.0 143 250
0634 118.5 197.5 239 217
0615 336.5 216.5 185 193
0615 104.5 194.5 197 221
0592 495.0 225.5 104 165
0592 70.0 237.0 178 152
0631 396.0 163.5 142 255
0631 128.0 192.5 190 227
0626 382.5 184.0 181 232
0626 68.0 144.5 188 277
0623 372.5 219.5 183 191
0623 72.0 147.5 180 281
0643 360.0 161.5 144 255
0643 155.5 153.5 227 267
0664 134.5 143.5 185 279
0664 344.5 157.0 105 248
0614 342.5 211.5 181 199
0614 101.0 202.0 206 212
0678 137.0 130.0 234 310
0678 350.0 171.0 130 234
0665 272.5 163.0 221 246
0665 62.0 162.0 186 258
0667 381.5 167.5 145 247
0667 67.5 180.5 169 239
0567 61.0 172.0 184 236
0653 356.0 223.5 184 195
0607 388.5 249.5 159 155
0604 401.0 218.5 170 183
0604 161.0 178.0 188 224
0647 172.0 190.0 278 236
0629 402.0 161.0 150 256
0629 121.0 175.5 218 249
0582 517.5 236.0 115 162
0582 49.5 216.0 177 192
0666 305.5 185.5 203 227
0666 57.5 162.5 159 259
0649 401.0 232.5 162 187
0568 63.0 169.5 182 241
0606 387.0 241.5 170 157
0613 345.0 212.0 178 198
0668 69.0 176.0 174 246
0668 406.5 160.0 133 252
0591 493.5 227.0 105 164
0591 77.0 242.0 176 150
0620 324.5 226.0 209 180
0620 74.5 152.5 171 275
0593 487.0 221.5 98 171
0593 65.5 240.0 175 150
0608 388.0 248.0 148 154
0589 509.0 224.0 92 168
0589 83.5 237.0 157 158
0644 354.0 164.0 142 256
0572 57.5 215.0 197 196
0680 155.0 130.5 240 291
0646 373.0 159.0 156 244
0654 347.0 218.5 172 197
0641 365.0 156.5 146 263
0641 116.0 187.0 214 232
0587 510.0 244.5 100 147
0587 60.5 240.5 157 165
0619 303.0 218.0 230 194
0619 69.5 176.5 177 245
0596 436.5 190.5 153 193
0596 70.0 240.0 130 160
0575 56.0 217.0 200 194
0618 305.0 217.5 210 193
0574 48.5 204.0 211 208
0574 444.5 257.5 163 123
0569 64.5 210.0 187 200
0669 73.5 161.5 181 257
0669 417.5 168.5 127 233
0577 66.5 210.5 183 197
0577 555.0 241.0 82 162
0683 357.0 145.0 156 264
0660 357.0 147.0 150 272
0660 102.0 187.0 230 238
0672 424.0 151.5 118 267
0672 76.0 129.5 188 299
0645 381.0 162.5 138 247
0670 75.5 169.0 195 258
0670 415.5 158.5 133 247
0580 540.5 279.0 83 120
0600 425.5 213.0 119 180
0600 67.0 207.5 150 197
0662 343.5 143.5 129 273
0662 115.0 185.5 204 239
0590 499.5 229.0 97 162
0590 71.0 224.5 210 177
0594 485.5 218.5 101 177
0594 69.5 241.0 135 160
0633 395.5 164.5 145 251
0633 120.0 192.5 268 227
0624 371.0 210.0 188 204
0624 78.0 139.5 172 289
0674 418.5 145.0 131 266
0674 81.0 120.5 188 311
0588 509.5 213.5 95 183
0673 421.5 157.0 121 260
0673 73.5 140.0 195 286
0625 383.5 200.0 177 216
0625 67.0 135.5 180 293
0675 406.5 133.5 139 279
0675 72.5 117.0 219 316
0597 407.0 198.0 182 180
0677 99.5 129.5 249 317
0677 368.5 160.0 131 242
0609 382.5 291.0 147 116
0627 387.5 158.0 181 262
0627 73.0 147.0 192 280
0581 48.0 219.5 178 189
0656 330.0 216.5 200 199
0579 47.0 212.0 192 200
0579 573.0 298.0 68 116
0685 361.0 135.5 142 279
0685 219.5 194.5 141 225
