0499 297.5 160.0 155 262
0499 120.0 127.5 214 297
0460 106.5 146.0 261 282
0460 377.5 127.0 191 296
0504 302.5 205.5 225 215
0504 123.5 130.5 199 299
0452 386.5 125.0 185 296
0452 123.0 123.0 184 288
0455 389.0 147.5 178 283
0455 123.5 136.5 177 283
0478 184.5 216.5 109 211
0478 352.5 132.5 221 301
0461 371.5 129.0 199 298
0461 129.0 140.0 246 290
0464 343.5 150.5 223 275
0485 359.5 146.5 185 283
0485 188.0 194.5 186 229
0512 113.0 180.5 202 247
0512 334.0 202.0 202 214
0519 74.0 131.5 222 297
0519 393.5 136.5 173 285
0619 310.0 149.5 184 271
0510 314.0 217.0 230 202
0510 124.0 135.5 172 285
0582 326.5 203.0 177 220
0582 32.0 175.0 274 276
0555 158.5 101.5 157 187
0555 329.5 203.5 189 215
0520 58.0 135.5 238 289
0520 396.0 146.0 170 282
0574 306.5 209.5 203 217
0537 425.5 119.5 173 301
0508 307.5 207.5 231 217
0508 115.5 140.5 189 283
0615 350.5 151.0 223 268
0615 75.5 120.0 187 318
0594 155.5 45.0 235 400
0594 351.5 144.5 101 271
0600 389.0 286.5 192 141
0600 133.0 270.5 176 147
0554 282.0 195.5 250 225
0578 118.5 222.0 303 206
0536 417.0 126.0 184 294
0536 74.5 132.5 189 287
0639 326.5 160.0 201 250
0639 119.5 105.0 187 328
0556 351.5 210.5 165 205
0617 97.5 143.5 213 287
0563 138.5 163.0 167 296
0563 371.5 207.0 201 216
0516 102.5 171.5 215 257
0516 390.0 141.0 174 286
0567 374.0 133.5 166 281
0558 164.0 39.5 142 339
0558 400.0 189.5 124 231
0640 353.0 157.5 192 255
0640 124.0 121.5 184 313
0633 194.5 154.0 227 264
0509 310.5 219.0 235 204
0509 122.0 134.0 176 286
0632 216.0 152.5 212 257
0587 412.0 149.0 184 260
0587 49.5 172.0 169 260
0532 393.0 135.5 176 295
0532 65.0 134.5 216 289
0635 237.5 149.0 271 270
0570 348.0 148.0 136 274
0521 398.5 144.0 165 288
0521 52.0 138.0 234 294
0626 131.0 190.5 190 243
0626 365.5 179.5 175 245
0517 388.5 126.5 179 293
0517 104.0 136.0 198 282
0526 339.5 154.0 233 262
0526 56.0 138.5 220 285
0621 174.5 182.0 189 246
0621 385.0 194.5 162 225
0581 285.5 211.0 203 204
0581 68.0 201.5 182 241
0561 382.0 202.5 200 217
0583 321.0 207.5 192 211
0583 34.5 229.5 171 229
0596 190.0 185.5 242 249
0627 132.0 190.5 194 247
0627 361.0 155.5 184 265
0545 176.5 108.0 215 320
0589 69.0 139.0 172 294
0589 375.0 141.0 216 270
0609 68.0 128.5 228 307
0547 231.0 144.0 172 284
0571 334.5 188.0 143 236
0630 370.5 149.5 135 269
0630 169.0 164.0 168 268
0518 108.0 132.0 190 290
0518 392.5 139.0 177 284
0593 357.0 131.0 148 284
0593 166.0 67.0 204 372
0610 54.0 139.0 254 284
0566 325.5 151.5 253 263
0513 347.5 149.5 217 281
0513 114.0 187.5 214 241
0590 337.5 151.0 257 252
0590 71.5 129.0 179 306
0511 321.5 218.0 227 204
0511 112.0 144.0 194 282
0614 371.0 156.0 204 266
0614 73.0 122.5 186 313
0539 399.5 152.0 215 268
0539 33.0 134.0 238 290
0539 319.0 174.5 18 43
0584 332.0 204.5 192 215
0584 46.0 282.0 160 140
0564 374.5 187.0 195 238
0564 132.5 180.0 161 262
0631 177.5 158.0 169 258
0631 367.5 144.0 111 274
0573 312.5 217.5 199 207
0642 404.0 143.5 128 269
0642 128.0 118.5 176 317
0551 138.0 199.0 270 236
0551 388.5 162.5 125 259
0568 362.5 123.5 151 289
0634 192.0 163.5 272 247
0588 66.0 145.5 150 287
0588 430.0 150.0 168 266
0549 329.5 164.5 139 245
0549 216.5 226.5 143 193
0585 360.5 163.0 179 252
0585 31.0 250.0 186 188
0542 354.0 148.5 226 279
0542 103.0 133.0 204 296
0638 104.5 109.5 203 325
0638 287.5 164.0 243 236
0505 115.5 138.5 211 281
0505 303.0 206.0 218 216
0533 394.5 146.0 179 278
0533 55.0 136.5 232 287
0602 124.5 174.0 177 254
0602 378.0 287.0 204 138
0530 386.5 119.0 183 302
0530 81.0 131.5 192 293
0534 401.5 146.0 203 286
0534 57.0 142.0 230 284
0531 389.5 123.0 177 300
0531 80.0 119.5 204 315
0606 118.0 146.0 184 280
0562 371.0 209.5 210 211
0562 166.5 368.5 43 53
0616 315.5 153.5 267 253
0616 71.0 129.5 196 297
0523 69.0 136.0 194 282
0523 396.0 146.5 206 283
0603 118.0 153.0 184 290
0597 187.0 191.5 252 233
0597 398.5 290.0 199 138
0557 167.0 105.5 140 245
0557 398.0 203.0 116 204
0599 162.5 193.5 239 233
0599 395.0 293.0 212 136
0599 171.0 246.5 34 75
0540 363.5 152.5 233 265
0540 54.0 136.0 222 286
0515 385.0 146.5 178 279
0515 104.5 180.5 223 251
0591 299.0 152.0 270 264
0591 74.5 124.0 193 312
0529 384.5 112.5 185 319
0529 75.0 129.5 200 299
0550 221.5 169.5 269 257
0608 72.5 136.5 221 295
0579 253.0 207.5 234 213
0553 369.5 197.5 131 213
0612 372.0 187.0 188 240
0612 63.5 140.0 213 288
0595 162.5 49.5 211 395
0595 338.5 149.0 131 270
0641 396.0 156.0 142 264
0641 127.5 132.0 169 300
0541 341.5 150.5 247 273
0541 96.0 127.5 210 299
0637 245.5 161.0 269 246
0546 199.5 137.0 223 290
0560 131.0 87.0 158 358
0560 391.0 203.5 178 219
0624 142.5 182.5 185 251
0624 382.5 185.0 149 238
0586 403.5 147.0 163 268
0586 41.0 203.0 190 218
0575 312.5 204.0 191 216
0525 349.0 155.5 230 263
0525 68.0 136.5 208 287
0613 70.0 125.5 198 305
0613 383.0 174.0 184 256
0538 425.0 128.0 176 294
0538 58.5 129.5 199 291
0559 401.0 197.0 144 226
0559 127.0 38.5 174 397
0601 135.5 185.0 189 242
0601 383.5 286.0 193 142
0611 59.5 138.0 245 288
0611 377.0 214.5 192 207
0543 354.5 163.0 127 250
0618 129.5 164.5 189 275
0618 296.5 148.5 217 263
0548 217.5 210.0 139 208
0524 383.0 151.5 230 275
0524 66.5 133.5 199 287
0604 122.0 145.0 182 284
0598 162.5 192.5 247 235
0598 402.5 294.0 213 134
0620 187.5 190.5 153 241
0620 381.0 190.0 144 230
0623 149.0 184.0 220 248
0623 390.0 192.5 142 227
0577 218.0 211.0 224 222
0535 409.0 139.0 192 288
0535 67.5 137.5 201 285
0552 213.5 201.5 185 221
0552 370.5 180.5 127 245
0569 365.5 114.5 119 315
0636 224.5 152.0 289 268
0605 120.5 140.5 169 293
0625 137.0 191.0 194 240
0625 371.5 180.0 165 242
0507 310.0 216.5 222 205
0507 105.0 140.0 206 282
0565 351.5 132.0 221 294
0629 366.0 156.0 176 258
0629 128.0 178.0 190 256
0506 312.0 212.0 204 212
0506 101.5 140.5 223 289
0628 361.5 151.5 185 263
0628 131.0 184.5 196 253
0544 296.5 202.5 155 197
0522 401.0 143.0 196 288
0522 64.0 136.5 210 289
0607 110.0 131.0 194 306
0607 391.5 265.0 177 152
0622 156.0 182.5 214 245
0622 386.5 192.0 159 228
0592 102.0 135.0 202 298
0592 331.5 146.0 213 274
0514 97.0 193.5 236 235
0514 376.0 144.0 188 286
0528 373.0 132.0 190 290
0528 65.0 139.0 226 284
0572 318.5 201.0 185 230
0580 270.0 211.0 220 206
0527 358.5 139.0 203 286
0527 60.0 138.0 228 288
0695 107.0 167.0 192 266
0695 391.5 147.5 179 273
0748 165.5 72.5 185 359
0748 385.0 150.5 168 271
0701 278.5 141.5 219 275
0701 101.5 116.0 207 320
0670 154.0 193.5 248 223
0670 376.0 158.0 178 264
0728 107.0 150.0 200 280
0770 219.5 183.0 177 242
0668 179.0 193.5 202 237
0668 361.0 176.0 182 248
0756 83.0 145.5 198 285
0756 396.5 182.0 173 250
0645 412.5 156.5 127 263
0645 122.0 115.0 186 318
0750 162.0 204.0 228 216
0750 445.0 171.5 154 257
0664 182.0 53.0 192 390
0664 350.0 154.0 174 272
0684 380.0 129.0 168 290
0684 146.0 189.5 212 241
0692 104.5 191.0 201 240
0692 400.5 174.5 161 251
0746 374.5 171.0 199 254
0746 123.0 104.0 202 328
0702 125.0 117.0 172 318
0702 293.0 127.0 174 290
0651 191.0 138.0 176 294
0651 361.5 143.0 175 268
0730 334.5 204.0 205 220
0730 107.5 143.0 187 280
0696 137.5 163.0 151 256
0696 390.0 144.0 176 276
0680 124.5 104.0 179 330
0680 383.5 131.0 171 290
0655 139.5 139.0 281 292
0654 190.0 177.0 238 252
0710 323.0 206.5 182 205
0710 134.0 114.0 186 324
0665 187.5 50.5 183 381
0665 350.0 150.5 174 271
0698 172.0 150.5 198 271
0698 340.5 145.5 231 269
0652 173.0 131.0 222 294
0652 389.0 121.5 174 303
0747 139.5 68.5 237 353
0747 376.0 157.5 192 261
0650 170.0 128.5 200 305
0650 373.0 151.5 170 269
0716 408.0 148.5 152 275
0716 103.0 131.0 202 306
0682 385.0 126.0 168 292
0682 117.5 145.0 203 286
0717 415.5 146.0 133 264
0717 104.5 135.5 199 295
0726 122.5 181.5 223 245
0726 370.5 189.5 179 231
0768 359.0 149.0 152 272
0675 124.0 143.0 192 288
0675 370.0 148.0 178 270
0734 168.0 57.0 184 388
0734 335.0 194.5 190 225
0731 344.5 213.5 211 211
0731 111.5 137.0 185 288
0681 115.0 119.0 192 316
0681 387.0 125.5 164 295
0707 301.0 188.5 136 219
0707 108.0 125.0 190 302
0699 164.0 150.5 216 265
0699 354.0 140.5 162 283
0688 113.0 206.5 156 219
0688 427.0 190.0 156 234
0713 285.0 195.0 304 216
0713 93.0 146.5 178 277
0647 402.5 156.5 157 263
0647 153.5 96.5 201 341
0705 261.5 123.0 147 312
0705 66.0 125.5 204 317
0751 439.5 181.0 155 244
0751 137.5 200.5 173 217
0683 387.5 123.0 159 292
0683 141.0 188.5 224 245
0706 298.5 154.5 125 269
0706 77.5 125.0 197 320
0659 192.0 126.0 176 302
0659 349.5 147.5 173 279
0666 342.0 144.5 180 275
0666 192.0 109.5 186 323
0753 110.5 183.0 223 246
0762 134.5 98.0 235 332
0762 347.5 206.0 211 220
0744 354.5 207.5 205 215
0744 109.0 136.5 184 283
0676 124.5 140.0 183 292
0676 375.0 137.5 178 281
0678 122.0 117.0 174 310
0678 380.0 150.5 172 271
0729 97.5 140.5 211 295
0729 353.0 195.5 202 229
0708 122.5 111.0 177 328
0708 337.0 206.5 122 203
0724 153.0 193.5 216 227
0669 365.0 174.5 202 251
0745 353.5 214.0 209 210
0745 111.0 124.0 182 306
0735 179.0 194.5 274 231
0755 399.5 199.0 171 228
0755 102.0 176.5 200 251
0649 147.0 120.5 262 311
0649 381.0 172.5 176 255
0691 403.0 183.0 154 238
0691 101.0 194.5 214 231
0712 250.0 205.5 346 215
0712 74.0 145.0 186 284
0661 177.5 107.5 151 321
0661 353.5 122.0 213 304
0737 148.5 191.0 227 228
0686 166.0 211.5 148 217
0686 424.5 199.0 155 222
0718 404.0 138.0 134 280
0718 137.0 122.0 176 302
0693 383.0 171.0 184 258
0693 93.0 190.5 190 249
0720 379.0 145.5 150 281
0720 159.5 48.5 207 377
0752 433.0 185.5 154 239
0752 118.5 188.5 199 237
0653 165.0 135.0 244 300
0653 392.0 116.0 170 312
0739 377.5 192.0 173 228
0739 119.5 188.0 205 238
0757 398.5 180.5 167 251
0757 79.5 142.5 191 283
0721 169.5 97.5 205 339
0767 172.0 151.0 212 272
0767 350.0 180.5 162 239
0711 204.5 196.5 357 221
0711 90.0 157.0 160 264
0727 106.0 173.5 218 255
0727 365.5 193.0 177 228
0656 234.5 195.5 161 223
0715 396.5 146.0 171 288
0715 104.5 133.5 199 301
0754 94.5 177.5 225 251
0754 404.0 186.5 186 241
0660 373.0 142.5 196 287
0660 180.0 129.0 156 298
0760 377.0 165.5 198 265
0760 90.0 62.5 200 371
0644 409.0 155.0 128 260
0644 127.5 99.0 179 340
0723 157.5 192.0 231 232
0723 407.0 217.0 156 206
0671 141.0 187.0 240 236
0671 377.0 153.0 170 268
0679 125.0 116.0 174 314
0679 376.5 138.5 181 285
0759 84.0 121.0 178 310
0759 381.0 184.0 192 250
0704 235.5 127.5 179 303
0769 357.0 143.5 158 279
0769 167.5 214.0 221 202
0772 337.0 143.5 198 279
0772 200.0 132.0 162 292
0697 392.5 141.5 173 279
0697 154.0 162.5 148 251
0658 199.5 148.0 171 276
0658 350.5 143.5 167 279
0714 342.0 176.0 246 244
0714 100.5 119.5 209 329
0771 335.0 141.5 200 285
0663 186.5 43.0 139 398
0663 359.0 171.0 188 252
0677 124.5 132.0 179 294
0677 377.5 152.5 173 267
0685 174.5 169.5 207 265
0685 363.0 145.0 182 272
0687 148.0 178.0 252 248
0687 432.0 193.0 160 226
0758 81.0 130.0 186 300
0758 393.0 183.5 172 247
0646 413.0 156.0 132 266
0646 131.0 116.0 168 320
0766 175.5 103.5 201 329
0736 161.5 199.0 239 222
0736 401.5 230.5 167 193
0690 107.5 191.0 209 232
0690 401.5 189.5 161 237
0719 386.5 139.0 147 288
0719 150.0 60.5 214 375
0749 372.5 141.5 185 279
0749 187.0 193.5 196 229
0674 122.5 147.5 211 279
0674 374.5 140.5 169 277
0722 182.5 204.0 239 212
0722 399.5 231.0 169 190
0703 131.0 118.5 178 317
0703 287.5 131.5 171 289
0740 117.0 178.0 178 246
0740 368.0 192.5 178 233
0738 140.5 186.5 231 237
0738 385.0 195.0 172 226
0709 133.0 125.0 180 314
0709 324.5 209.0 167 198
0763 330.0 221.0 208 200
0763 134.5 102.0 211 334
0761 370.0 179.0 192 252
0761 126.0 96.5 172 343
0648 159.5 115.0 245 314
0648 396.5 154.5 165 269
0672 148.5 184.5 207 237
0672 373.0 159.0 170 256
0673 132.5 150.5 205 277
0743 355.0 193.5 202 233
0743 87.5 147.0 199 282
0764 322.5 213.0 205 210
0764 179.0 115.0 160 310
0667 211.0 187.5 196 249
0643 401.5 142.5 133 271
0643 123.5 117.5 179 319
0765 314.0 213.5 196 207
0742 368.0 195.5 178 229
0742 109.0 145.0 194 280
0733 132.0 51.0 202 392
0733 352.5 190.0 193 232
0733 143.5 279.5 19 39
0725 142.0 193.5 218 229
0725 377.0 195.5 178 225
0732 131.0 56.5 184 385
0694 88.0 182.5 202 255
0694 378.0 149.5 192 273
0657 246.0 161.5 150 255
0689 113.5 188.0 221 236
0689 407.0 192.5 158 231
0662 176.5 45.0 157 390
0662 364.0 156.5 180 265
0773 389.5 173.5 183 251
0773 169.0 119.0 176 302
0788 123.0 132.5 186 299
0788 364.0 153.0 148 272
0861 337.0 74.0 242 190
0861 152.0 133.5 164 287
0898 185.0 134.5 180 287
0820 411.5 151.5 177 263
0820 41.0 130.0 270 292
0807 302.0 224.5 162 193
0807 130.5 131.0 167 300
0895 223.0 130.5 166 287
0809 139.0 122.0 250 310
0836 406.5 147.5 189 279
0836 86.5 111.0 167 316
0853 175.5 115.5 161 295
0853 291.5 49.5 175 245
0781 183.0 203.5 192 223
0781 357.5 175.0 197 246
0774 158.5 110.0 159 312
0774 355.5 137.5 211 293
0866 120.0 194.5 208 231
0821 70.0 147.5 326 261
0821 405.0 155.5 182 263
0778 185.0 58.5 174 375
0875 268.5 201.0 185 234
0860 333.5 69.0 233 192
0884 287.5 76.0 163 324
0792 260.0 155.0 224 268
0792 33.0 113.5 196 327
0814 379.5 181.5 175 235
0882 285.5 72.5 173 347
0782 172.0 201.5 208 219
0782 375.0 183.0 200 236
0794 335.0 139.0 150 278
0794 52.5 115.5 205 317
0857 173.5 138.5 167 279
0776 183.5 61.5 139 365
0785 148.0 182.0 208 238
0785 371.5 157.0 173 264
0862 144.5 132.0 171 286
0862 338.0 104.5 232 179
0827 408.0 138.5 178 295
0892 267.0 130.5 120 273
0896 207.5 143.5 191 279
0817 406.5 142.0 153 270
0817 68.0 97.0 168 334
0840 126.0 118.0 226 306
0840 369.5 200.0 195 226
0816 399.5 147.0 167 270
0816 71.5 80.5 161 341
0789 119.0 132.0 180 292
0789 359.5 136.0 111 280
0775 161.0 102.5 146 319
0775 370.5 159.0 183 258
0881 283.0 79.0 186 332
0869 470.5 231.0 107 190
0869 112.0 174.0 192 250
0872 185.5 157.5 247 235
0899 180.0 126.5 184 295
0894 243.0 128.0 142 274
0833 410.0 149.0 186 272
0833 84.0 124.0 168 298
0791 321.0 151.0 156 264
0791 137.5 124.5 167 297
0888 263.5 187.5 173 249
0871 163.5 163.0 211 250
0854 175.0 84.0 180 326
0813 377.0 162.5 170 255
0813 45.5 54.0 153 386
0803 230.5 182.5 265 231
0795 351.0 142.5 128 271
0795 64.5 123.0 199 310
0819 413.5 151.0 167 262
0819 69.5 110.5 171 315
0786 134.5 152.5 183 267
0786 364.0 155.0 180 266
0843 321.0 211.5 212 207
0843 174.0 138.0 176 280
0793 319.5 147.5 169 267
0793 38.0 122.0 202 310
0811 276.0 123.5 202 295
0811 18.5 57.0 199 378
0798 251.0 180.5 252 239
0798 127.5 113.0 165 310
0859 171.0 137.5 160 277
0841 347.5 210.0 205 212
0841 125.0 115.0 252 306
0837 403.0 140.0 198 288
0837 92.5 117.5 161 307
0897 194.0 138.5 180 285
0897 354.5 202.0 133 234
0828 409.0 135.5 178 299
0887 266.0 186.5 170 249
0790 332.5 136.5 139 281
0790 130.5 123.5 169 297
0847 163.0 150.5 226 273
0901 173.0 144.0 166 274
0846 164.5 152.0 221 276
0805 289.5 204.0 183 216
0805 102.0 116.5 170 329
0832 405.0 148.5 190 277
0832 84.0 125.5 166 299
0876 266.5 235.5 205 209
0883 290.0 71.5 164 353
0849 188.0 199.0 196 218
0849 315.0 78.0 120 202
0829 407.5 138.0 179 298
0829 78.5 119.0 181 306
0877 250.0 241.5 212 197
0867 115.5 180.0 199 246
0902 159.5 140.5 189 277
0783 171.5 199.0 219 212
0783 380.0 180.0 182 244
0885 285.5 113.5 155 273
0863 334.5 137.5 251 175
0863 141.0 130.5 174 289
0868 111.5 176.0 197 250
0868 330.5 259.5 255 171
0879 278.0 109.0 174 284
0777 181.0 47.0 164 396
0824 168.5 125.5 215 289
0838 381.0 142.5 206 283
0838 94.5 110.0 163 320
0886 278.5 132.0 161 282
0784 154.0 185.5 226 239
0796 350.5 158.0 131 264
0796 70.0 99.5 202 339
0831 405.5 143.0 183 288
0831 74.5 110.0 189 316
0878 275.5 150.0 195 278
0830 407.5 131.0 181 298
0830 76.5 107.5 177 325
0780 217.5 185.5 173 239
0799 271.5 163.5 211 259
0799 126.5 97.5 169 339
0801 328.5 150.0 119 272
0801 167.5 110.0 169 316
0802 318.0 170.0 132 256
0802 163.5 113.0 183 318
0900 183.0 129.5 160 283
0900 315.5 159.5 127 251
0806 118.5 125.0 187 306
0812 289.0 151.0 244 262
0825 274.5 147.0 205 276
0839 132.0 113.0 148 308
0804 270.5 168.5 219 241
0804 95.5 136.5 161 289
0893 246.5 121.0 125 256
0787 130.5 118.5 183 325
0787 357.5 155.5 197 267
0787 485.0 159.5 44 55
0844 314.0 224.0 206 200
0874 281.5 214.0 171 216
0848 167.5 95.0 289 338
0865 124.0 182.5 184 245
0865 330.0 213.0 264 186
0889 261.0 181.5 156 265
0826 387.5 141.5 179 291
0852 173.0 123.5 184 285
0864 121.0 153.0 198 270
0864 325.0 161.5 268 169
0800 327.5 149.0 141 260
0800 146.5 98.0 171 336
0800 532.5 161.0 47 50
0845 314.0 219.0 200 204
0835 406.5 148.5 193 279
0835 79.0 115.5 184 309
0851 303.5 104.0 123 186
0851 167.5 136.5 177 285
0850 175.0 106.5 204 315
0810 225.0 111.5 260 311
0818 411.0 138.0 150 274
0818 69.5 105.5 169 321
0822 100.5 150.0 303 262
0822 401.0 142.0 144 278
0823 145.0 129.5 244 301
0823 374.0 140.0 116 280
0779 347.5 141.0 173 290
0815 395.5 154.5 167 261
0815 70.5 78.5 165 347
0842 334.0 220.5 202 201
0842 141.5 134.5 197 289
0834 405.0 151.5 194 271
0834 85.0 114.0 170 312
0797 103.0 98.0 198 336
0797 328.5 173.0 161 252
0925 416.0 159.5 160 261
0925 169.5 133.5 173 291
0935 383.5 135.0 171 286
0935 155.5 123.0 217 296
0936 149.5 122.5 203 297
0936 375.0 160.0 126 250
0930 370.0 148.5 160 269
0930 165.0 185.5 230 241
0912 302.5 142.0 217 288
0912 119.0 176.0 192 246
0913 323.0 149.5 194 281
0913 115.5 170.5 195 257
1029 388.0 124.0 186 300
1029 123.5 127.5 189 287
1039 162.5 176.5 185 249
1039 344.0 152.5 216 271
0960 272.0 148.5 204 267
1035 351.0 132.5 212 305
0928 383.0 137.5 158 281
0928 175.0 168.0 216 268
0926 397.5 148.5 165 277
0926 154.0 121.0 220 302
0947 49.5 120.0 219 322
0947 386.5 146.0 161 266
0948 61.5 118.0 213 320
0948 399.5 147.5 139 267
0943 348.0 131.5 160 291
0943 118.5 131.5 205 297
0941 331.5 141.5 199 293
0941 93.5 173.5 155 253
0904 154.0 144.5 202 279
0915 379.5 148.0 141 272
0915 122.5 152.0 185 278
0931 356.0 145.5 158 279
1036 391.5 170.5 219 255
1036 162.0 142.5 248 275
0949 77.0 121.5 192 319
0949 411.0 134.5 134 281
0959 314.0 173.0 172 234
0923 442.5 160.0 163 262
0923 153.5 100.5 203 331
1033 366.5 139.0 219 286
1037 393.0 145.0 220 288
1037 159.5 128.5 245 289
0933 359.0 155.5 198 251
0933 170.0 134.5 198 285
0937 123.0 128.5 224 285
0937 362.5 173.5 123 239
0952 427.5 132.0 103 270
0952 70.5 121.0 205 304
0932 359.5 155.5 153 265
0932 164.0 175.0 220 256
0909 250.5 171.0 255 256
0909 84.0 177.5 204 245
0951 426.0 128.5 104 273
0951 77.5 125.5 201 303
0955 70.0 110.5 242 329
0955 399.0 140.5 172 275
0921 107.0 90.0 234 356
0921 386.5 145.5 151 277
1031 185.5 145.5 197 277
1031 376.0 144.0 202 286
0916 387.5 150.5 133 273
0916 112.0 149.5 200 279
1034 358.5 141.5 223 283
0905 150.0 141.5 216 285
0940 296.0 174.5 240 247
0940 68.0 178.5 170 241
0920 388.5 146.5 141 275
0920 123.0 105.0 194 336
1030 385.0 131.5 188 299
1030 121.5 120.0 199 298
0954 400.0 136.5 168 275
0954 97.5 127.5 207 293
1032 378.5 140.5 193 285
1032 221.0 163.0 182 252
0914 366.5 152.0 161 270
0914 117.5 171.0 197 252
0958 131.5 130.5 365 287
0956 92.5 108.5 257 325
0956 365.0 149.5 188 275
0934 162.5 124.5 227 287
0934 390.0 143.0 188 270
0939 236.0 187.5 270 225
0939 77.0 173.5 168 251
0907 226.0 173.5 248 249
0910 107.5 184.0 197 234
0919 384.5 146.5 141 275
0919 126.0 123.5 196 303
0918 386.5 142.0 135 278
0918 128.5 115.5 197 305
0946 236.0 143.5 286 279
0946 51.5 137.0 209 292
0942 106.0 171.0 156 256
0942 343.5 135.5 167 293
0944 352.0 129.0 146 294
0944 134.0 117.5 178 319
1040 165.5 194.0 185 236
0906 151.0 135.0 208 286
0929 373.0 143.5 164 273
0929 167.0 174.5 232 259
0922 176.5 108.0 159 320
0922 381.5 150.5 165 275
0927 384.0 135.5 168 283
0927 141.0 133.0 226 300
1038 356.5 149.5 219 281
0903 153.0 148.0 204 272
0953 420.5 133.5 129 275
0953 90.0 112.5 192 311
0950 67.0 126.0 204 314
0950 416.5 125.5 127 295
0924 436.5 154.5 161 269
0924 155.5 109.0 211 326
0917 384.5 143.0 139 278
0917 117.5 135.0 215 286
0957 120.5 125.0 265 302
0957 335.0 191.5 200 227
0911 284.5 160.0 241 262
0911 114.5 180.5 199 239
0938 144.5 129.0 231 290
0945 86.5 100.0 201 340
0945 326.0 147.0 178 266
1057 458.5 140.0 177 278
1057 3.0 136.5 236 291
1063 19.5 137.5 241 291
1063 366.0 147.5 136 275
1142 331.0 209.5 192 211
1142 74.0 142.5 224 281
1093 430.5 138.0 155 280
1093 61.5 105.5 195 317
1061 321.0 161.5 276 243
1061 19.0 134.0 220 292
1058 3.0 137.0 228 286
1058 462.0 135.5 170 283
1089 408.0 156.5 184 257
1106 408.5 153.5 183 267
1106 208.5 191.5 147 223
1072 244.5 176.5 269 247
1111 373.5 139.5 163 277
1111 225.0 190.0 182 226
1138 318.0 202.0 194 224
1138 109.0 135.0 190 286
1147 392.0 153.0 172 272
1147 71.0 132.0 206 290
1085 262.5 122.5 273 301
1085 10.5 56.5 215 381
1118 414.0 141.0 168 280
1118 153.5 113.5 199 307
1128 405.0 136.0 184 286
1128 55.0 142.0 242 280
1128 9.5 164.5 21 47
1103 405.0 152.0 150 278
1103 215.5 140.0 195 280
1086 284.5 148.5 255 267
1123 400.0 149.0 168 274
1123 123.5 120.0 173 300
1125 398.5 143.0 173 282
1125 100.5 122.5 211 301
1134 345.5 147.5 181 275
1134 66.5 138.0 233 286
1051 445.5 135.5 169 297
1051 57.5 143.5 223 285
1066 68.0 135.0 198 286
1066 335.0 152.5 172 267
1041 178.0 191.5 178 229
1069 342.0 139.5 156 275
1069 90.5 136.5 221 283
1143 340.0 211.0 190 214
1143 79.5 138.5 215 285
1045 430.5 167.5 193 263
1045 135.0 161.0 280 256
1148 396.0 146.0 166 284
1148 47.0 144.0 238 276
1047 443.0 164.0 178 270
1047 83.5 157.5 287 263
1044 344.0 147.0 176 280
1097 99.0 148.5 312 267
1097 409.0 153.5 176 269
1101 382.0 152.5 172 271
1101 222.0 122.0 180 300
1136 320.0 169.0 200 262
1136 78.0 137.5 216 285
1077 221.5 183.0 275 232
1077 91.5 147.0 167 278
1056 451.0 138.5 166 285
1056 9.5 138.5 223 287
1109 400.5 137.5 163 279
1109 157.0 203.5 248 229
1140 320.0 206.5 204 219
1140 82.5 135.0 213 288
1132 343.0 156.0 222 264
1132 81.0 127.0 190 298
1073 300.5 175.5 199 243
1073 71.0 146.0 196 274
1094 431.5 138.5 165 293
1094 50.0 135.5 206 291
1052 441.0 136.0 176 296
1052 58.0 144.0 200 284
1133 344.0 146.5 214 277
1133 74.5 125.5 203 303
1130 375.0 154.0 208 266
1130 75.5 137.5 191 281
1053 445.5 146.0 169 282
1053 70.0 140.0 162 278
1050 445.0 140.5 170 289
1050 50.5 148.0 241 276
1149 380.0 153.0 202 270
1149 57.5 141.5 207 283
1088 386.5 152.0 189 262
1139 320.5 200.0 193 226
1139 103.5 130.0 197 294
1110 151.0 206.0 256 226
1110 390.0 142.0 162 274
1065 375.0 135.5 118 287
1065 48.0 135.0 216 284
1076 348.5 174.5 129 235
1076 91.0 150.5 196 277
1043 342.5 136.0 183 290
1146 370.5 136.0 183 296
1146 94.0 129.5 218 295
1117 414.0 153.0 170 266
1117 159.0 118.5 192 301
1084 230.0 112.5 276 313
1095 429.5 142.0 165 288
1095 54.5 132.0 213 296
1127 399.0 134.0 172 284
1127 51.5 142.5 245 279
1124 398.0 147.5 172 277
1124 128.5 119.5 181 301
1067 276.0 168.0 296 262
1082 124.0 139.5 164 287
1082 294.0 227.5 176 189
1064 40.0 140.5 226 277
1064 388.5 167.5 101 237
1048 447.0 149.0 164 280
1048 64.0 154.0 278 268
1105 373.0 149.5 160 271
1080 102.5 142.0 205 286
1080 286.5 218.5 195 201
1112 367.0 139.5 166 277
1112 196.5 190.0 181 244
1112 29.5 165.0 19 50
1083 134.0 136.5 172 293
1129 394.5 147.5 177 275
1129 63.5 136.0 229 286
1116 419.0 155.5 166 265
1116 165.0 115.5 214 309
1049 444.0 142.5 168 285
1049 55.0 151.5 252 275
1098 126.0 147.0 292 272
1098 397.5 144.5 163 285
1145 360.5 174.0 187 250
1078 226.0 176.0 276 224
1126 404.0 135.5 188 283
1126 69.5 131.5 229 291
1137 100.5 132.0 201 288
1137 315.0 204.5 194 221
1055 449.5 143.0 167 282
1055 16.5 133.5 213 291
1075 339.0 164.5 136 253
1075 77.5 139.5 219 291
1104 378.5 139.0 167 286
1104 236.0 148.5 152 277
1120 408.0 138.5 154 281
1120 136.0 116.5 166 305
1079 78.0 142.5 186 283
1079 265.5 189.5 221 219
1114 384.5 139.0 165 288
1114 190.0 100.5 186 333
1054 449.0 147.0 166 280
1054 24.0 126.5 218 301
1131 355.0 152.5 230 267
1131 79.0 131.5 184 291
1141 325.0 211.0 200 212
1141 70.5 140.5 229 285
1091 414.0 137.0 170 278
1091 60.5 104.5 157 315
1091 211.5 163.5 41 49
1091 280.5 175.5 19 41
1062 328.5 158.5 245 253
1062 13.0 138.0 230 284
1070 355.0 150.5 132 263
1070 94.0 140.5 214 285
1099 378.5 130.0 165 300
1099 160.0 124.0 236 308
1046 439.0 164.0 186 272
1046 107.5 154.0 305 272
1108 192.0 187.5 238 245
1108 417.5 134.5 171 285
1060 404.5 138.5 213 279
1060 16.0 137.5 208 283
1113 345.0 137.5 172 289
1113 198.0 200.0 156 218
1107 173.5 113.0 407 318
1074 345.5 151.0 129 260
1074 85.5 135.5 239 293
1071 314.5 170.0 181 244
1071 98.5 140.0 205 280
1144 357.5 185.0 187 246
1144 81.5 135.5 191 285
1090 414.0 150.5 174 263
1090 63.0 89.5 138 343
1119 409.0 147.0 156 274
1119 132.5 114.5 209 307
1059 6.5 134.0 215 284
1059 437.5 138.5 181 285
1092 426.0 136.0 158 276
1092 58.5 106.0 195 320
1122 405.0 146.0 160 276
1122 122.0 124.0 176 296
1122 5.0 164.5 20 49
1121 410.5 144.5 171 273
1042 332.0 139.5 204 289
1115 417.5 149.5 167 271
1115 183.0 111.0 198 312
1081 275.5 228.5 211 183
1081 119.0 142.5 174 287
1135 330.0 150.0 180 276
1135 73.5 134.5 223 291
1068 321.0 151.0 188 264
1068 106.5 130.5 189 289
1087 338.5 177.0 227 242
1087 193.5 160.5 39 53
1102 405.5 145.0 161 284
1102 211.0 109.5 198 315
1100 357.0 126.0 160 302
1096 424.0 154.0 168 272
1096 73.5 137.0 271 288
1187 316.5 89.0 203 328
1187 71.0 129.5 226 299
1224 76.5 138.5 219 289
1224 497.5 101.0 25 26
1224 391.0 96.5 254 227
1224 548.0 98.0 28 28
1238 49.5 207.0 225 222
1151 340.0 157.0 230 264
1151 72.0 137.0 198 286
1165 407.5 153.5 193 267
1165 66.0 123.5 192 303
1199 326.5 128.5 149 163
1199 73.5 73.0 193 354
1216 374.5 140.0 175 296
1216 212.0 191.5 148 239
1245 435.0 166.0 160 244
1245 94.5 170.5 235 257
1175 407.0 151.0 184 270
1175 43.0 137.5 236 287
1241 487.0 234.0 116 168
1241 51.5 189.5 229 251
1181 416.0 141.0 178 278
1181 19.0 121.0 238 310
1202 319.5 171.5 167 235
1202 122.5 142.0 165 278
1164 418.5 128.0 177 294
1164 56.5 131.0 205 292
1225 76.0 120.5 212 305
1225 421.5 91.0 213 234
1153 361.5 138.0 191 294
1153 102.0 133.5 200 287
1212 378.5 149.0 161 272
1212 98.0 106.0 212 340
1251 350.5 208.0 171 208
1251 145.5 219.5 223 207
1240 452.0 232.0 158 162
1240 51.0 195.5 234 243
1190 277.0 90.5 150 199
1190 129.5 129.5 173 293
1178 431.0 127.5 170 297
1178 61.0 125.0 198 296
1156 387.0 124.0 168 302
1156 68.5 136.5 225 291
1228 77.0 105.0 158 328
1233 59.0 154.0 190 260
1200 339.0 106.5 126 215
1200 95.5 111.5 183 315
1209 113.5 150.0 179 268
1209 357.5 177.5 159 247
1207 131.0 174.5 154 249
1207 347.5 193.5 151 233
1155 383.0 121.5 170 303
1155 65.5 140.5 235 281
1159 393.0 140.5 172 291
1159 80.5 133.0 209 288
1177 423.5 135.0 177 292
1177 61.5 130.0 197 290
1203 324.0 205.5 158 213
1172 401.0 129.0 170 294
1172 73.5 130.5 197 289
1196 268.5 115.5 217 191
1243 455.0 210.0 114 190
1243 58.0 177.5 202 261
1186 327.0 131.5 214 289
1186 73.5 127.0 221 298
1230 448.0 226.0 192 184
1213 376.0 140.5 166 287
1213 104.0 117.0 210 330
1236 60.0 218.0 208 204
1179 432.0 119.0 172 308
1179 60.5 123.5 195 297
1195 260.0 123.5 220 207
1195 37.0 95.5 188 341
1185 306.5 197.0 243 218
1185 83.5 129.5 193 293
1169 385.0 139.0 172 286
1169 57.0 139.0 214 284
1191 130.5 121.5 175 301
1191 275.5 106.0 153 192
1182 347.0 151.5 238 253
1182 41.5 132.5 221 293
1167 364.0 154.0 234 268
1167 47.0 134.5 224 285
1170 394.0 127.0 176 300
1170 67.0 135.0 198 288
1170 304.5 175.5 15 43
1210 114.0 137.0 178 286
1210 370.0 171.5 154 255
1192 149.0 118.0 224 302
1163 414.5 131.0 183 288
1163 52.0 132.0 216 292
1176 414.5 149.0 183 272
1176 50.5 140.5 215 277
1249 159.0 245.0 334 188
1188 296.5 72.0 161 278
1188 99.5 130.0 205 292
1235 61.5 216.0 203 204
1229 74.0 102.5 162 335
1189 293.0 65.0 132 248
1189 99.5 129.0 209 294
1234 54.5 179.5 197 239
1234 530.5 287.5 103 67
1231 66.5 138.0 175 282
1242 463.5 212.5 117 185
1242 58.5 180.5 203 259
1246 432.0 164.0 162 252
1246 93.5 157.0 265 258
1158 383.0 133.5 190 307
1158 79.5 135.5 197 285
1204 329.5 204.0 161 222
1204 141.0 146.0 134 278
1227 71.5 108.5 177 321
1217 367.5 148.5 181 277
1217 219.5 215.0 167 214
1184 295.5 154.5 259 261
1184 72.0 128.5 190 287
1194 235.0 130.0 238 218
1168 360.0 155.0 214 268
1168 44.5 131.0 231 298
1157 386.0 131.5 172 301
1157 73.5 133.5 203 291
1221 427.5 120.5 189 241
1221 116.0 152.5 278 269
1215 187.0 146.5 198 287
1215 377.0 140.5 176 289
1173 401.0 136.5 194 289
1173 57.0 135.0 226 286
1162 406.5 142.0 187 278
1162 45.5 140.0 229 286
1218 360.5 151.0 177 262
1218 488.0 160.5 44 53
1220 139.0 135.5 266 295
1220 453.0 142.0 160 246
1220 216.0 200.0 24 70
1219 424.0 147.0 152 270
1219 199.5 136.5 261 291
1214 370.0 139.5 184 285
1214 112.5 110.5 219 327
1244 447.5 191.0 151 218
1244 100.5 174.0 209 254
1237 59.0 215.0 200 208
1154 374.5 122.5 179 307
1154 66.0 131.0 232 298
1206 341.5 191.5 159 235
1206 134.0 174.5 158 251
1171 394.5 127.0 181 300
1171 71.0 137.0 200 278
1232 62.5 144.0 183 270
1248 395.0 215.5 158 195
1222 405.5 114.5 227 225
1222 87.0 146.5 274 279
1166 384.5 148.5 227 277
1166 63.5 127.5 191 295
1211 112.0 115.0 180 314
1211 371.5 167.5 161 265
1193 261.5 134.5 151 223
1193 139.5 153.5 151 269
1180 434.0 121.5 170 305
1180 40.0 123.5 226 301
1197 59.0 65.5 208 373
1197 319.0 122.0 172 158
1174 409.0 151.5 182 273
1174 43.0 134.0 234 292
1223 396.5 87.0 241 244
1223 82.0 149.5 256 275
1183 55.0 125.5 204 301
1183 299.5 157.5 253 253
1161 403.0 139.5 166 289
1161 46.5 141.0 239 284
1250 129.0 222.0 274 206
1250 359.5 224.0 187 192
1205 136.0 169.0 154 260
1205 334.5 202.5 157 227
1198 67.5 68.5 199 361
1198 327.5 120.0 157 156
1152 357.5 151.0 193 276
1152 101.5 132.0 199 286
1201 326.5 130.5 151 235
1201 113.5 126.0 177 296
1150 359.5 150.0 221 268
1150 69.5 138.5 195 287
1208 361.0 183.0 152 242
1208 126.5 150.0 161 268
1160 395.0 148.0 174 280
1160 77.0 124.5 214 301
1239 48.5 206.0 233 230
1247 130.5 109.0 267 326
1247 398.0 208.0 176 204
1263 388.5 141.5 167 277
1263 111.5 138.5 151 289
1338 350.5 152.5 163 273
1338 110.5 126.5 185 287
1310 445.5 139.5 167 287
1310 18.0 129.0 220 296
1351 271.5 190.0 261 228
1351 105.0 140.0 158 294
1280 151.0 109.0 208 316
1280 373.5 149.5 175 267
1276 406.0 146.0 160 276
1276 178.0 192.5 200 229
1255 326.0 154.5 166 263
1255 114.5 200.5 205 221
1335 347.0 129.0 152 292
1335 85.0 133.5 210 289
1266 400.5 150.0 165 270
1266 116.0 114.0 150 314
1288 367.0 147.0 172 262
1271 385.5 125.5 161 291
1271 165.5 128.5 181 295
1286 168.5 140.0 193 288
1286 349.5 131.5 175 287
1296 188.5 200.0 191 222
1328 256.5 136.0 231 288
1328 83.0 131.0 204 286
1308 444.0 145.5 174 283
1308 66.0 134.0 176 282
1261 376.5 140.5 163 279
1261 105.0 140.5 156 291
1354 289.0 180.5 284 239
1354 133.0 122.0 170 310
1259 364.5 155.5 171 257
1259 94.0 145.5 166 283
1283 133.0 114.0 200 308
1283 362.0 154.5 180 267
1269 398.0 137.0 170 284
1269 117.0 131.5 228 289
1353 276.0 177.0 294 250
1353 122.5 135.0 171 296
1352 295.0 186.5 260 231
1352 122.5 137.0 167 286
1297 237.5 130.0 257 296
1284 127.5 104.0 197 320
1284 360.0 147.0 184 266
1253 327.0 142.0 206 284
1253 116.5 213.0 197 206
1273 447.0 159.5 160 259
1273 142.0 177.5 228 245
1345 303.5 147.5 245 275
1345 114.5 120.5 175 311
1334 345.0 135.5 152 281
1334 81.0 128.5 212 293
1316 23.5 132.5 203 289
1316 326.0 167.0 276 242
1291 161.0 138.0 242 270
1291 392.0 143.5 178 281
1355 308.5 178.5 245 241
1355 142.5 125.0 163 306
1337 359.0 139.0 152 290
1337 85.5 123.5 199 293
1348 132.0 106.0 164 332
1348 311.0 158.5 150 261
1262 377.5 139.0 163 284
1262 105.0 136.5 152 295
1314 447.5 127.5 167 295
1314 14.0 131.0 214 296
1333 307.0 136.5 206 283
1333 76.0 127.5 214 285
1290 202.0 130.5 216 285
1277 175.0 183.5 176 233
1277 397.5 139.0 163 282
1311 446.5 129.0 169 296
1311 3.5 130.5 239 297
1295 186.5 181.0 169 242
1300 425.0 172.0 204 256
1300 123.5 152.0 271 272
1357 312.5 183.0 241 234
1357 140.0 118.0 172 316
1343 350.0 133.0 168 288
1343 78.5 142.5 163 285
1329 277.5 119.5 201 307
1329 104.0 121.0 202 290
1312 452.5 131.0 165 288
1312 5.0 136.5 240 289
1252 348.0 176.5 170 243
1289 316.0 128.5 224 303
1265 400.0 148.5 162 273
1265 114.5 128.0 149 304
1304 445.5 147.5 157 281
1304 65.5 156.0 243 260
1332 89.5 125.5 203 289
1332 299.0 143.5 214 271
1317 17.5 122.0 219 310
1317 301.5 155.5 273 259
1267 120.5 122.5 161 299
1267 405.0 150.0 160 270
1293 160.5 177.5 187 241
1318 23.5 128.0 227 304
1318 307.5 154.5 261 265
1324 393.5 150.5 167 273
1324 76.0 128.5 200 299
1257 332.5 134.5 173 287
1307 438.5 141.0 181 288
1307 64.0 145.5 200 283
1340 353.5 132.0 163 290
1340 94.0 123.0 216 296
1349 147.5 105.5 153 333
1349 284.0 173.0 194 252
1347 319.5 155.0 131 262
1347 127.0 119.0 164 310
1347 561.5 161.0 39 52
1344 295.5 153.0 227 268
1344 84.0 118.0 170 318
1327 345.5 121.5 125 303
1327 76.5 132.0 215 290
1268 125.0 134.5 190 285
1268 405.5 148.5 159 273
1342 72.5 130.5 167 289
1342 304.5 134.0 257 288
1305 437.5 149.0 171 278
1305 56.5 155.0 231 258
1254 314.5 159.0 185 260
1254 114.5 197.5 209 225
1320 49.5 137.0 225 296
1320 337.5 155.0 197 264
1325 389.5 139.5 171 277
1325 58.5 118.5 219 307
1358 330.5 176.5 213 247
1358 141.5 110.0 179 324
1285 126.0 118.5 200 297
1285 355.5 135.5 193 279
1256 314.0 123.5 180 311
1256 110.0 185.0 158 242
1309 442.5 146.5 173 283
1309 62.5 134.5 181 283
1306 442.5 143.5 163 285
1306 59.0 152.5 218 265
1282 153.0 102.5 194 325
1282 365.0 155.5 172 265
1258 343.5 139.0 175 286
1319 45.5 141.5 223 287
1319 326.5 147.5 219 267
1294 182.5 192.0 163 230
1299 155.5 151.0 211 264
1323 84.0 121.5 182 313
1323 386.5 158.0 169 260
1287 357.5 141.0 183 282
1260 370.0 148.5 170 273
1260 106.0 138.0 154 296
1313 456.5 130.5 179 291
1313 10.0 132.0 236 290
1279 382.5 160.0 175 254
1279 163.0 137.0 186 278
1336 351.5 139.5 157 281
1336 82.5 127.5 203 291
1302 442.0 168.0 172 262
1302 87.5 148.5 245 273
1270 396.0 124.0 154 298
1270 157.0 145.5 206 273
1330 114.0 129.5 178 281
1330 312.0 134.0 196 280
1326 363.5 128.5 133 293
1326 64.5 143.0 217 276
1272 429.0 175.5 168 245
1272 155.5 133.0 229 290
1322 378.0 151.0 176 270
1322 77.5 134.5 193 291
1341 272.0 124.0 288 302
1341 45.0 126.0 188 304
1274 146.0 197.5 252 219
1274 434.0 149.0 164 270
1321 356.0 152.0 204 264
1321 70.0 127.5 202 299
1339 348.0 142.0 178 278
1339 91.0 113.0 198 314
1331 112.0 126.5 180 287
1303 440.5 151.0 165 280
1303 66.0 152.5 232 269
1281 150.0 114.0 202 306
1281 365.0 148.5 184 273
1298 214.5 160.0 209 258
1301 95.0 155.5 244 261
1301 435.5 167.5 187 263
1292 162.5 145.5 187 273
1264 394.0 147.5 160 269
1264 110.5 125.0 155 308
1275 150.0 210.5 226 207
1275 423.5 140.0 159 284
1278 388.5 138.5 169 281
1278 171.0 143.5 166 277
1278 312.0 247.5 26 25
1315 401.0 151.5 218 263
1315 25.5 119.5 197 305
1356 297.0 156.5 262 265
1350 154.0 106.5 150 333
1350 292.5 142.0 177 284
1346 300.5 147.5 233 269
1346 95.0 118.5 188 315
1421 359.0 145.5 188 275
1404 352.0 142.5 204 281
1404 135.5 114.0 159 314
1411 217.5 190.0 179 226
1416 160.0 192.5 188 235
1416 372.5 144.5 173 281
1375 401.0 129.5 138 287
1375 145.5 131.5 181 299
1407 361.0 143.0 198 282
1407 133.5 113.5 169 305
1419 219.5 194.5 217 227
1371 184.5 175.5 171 253
1406 360.5 147.5 197 277
1406 131.0 109.0 170 314
1402 339.0 140.0 184 282
1402 129.0 109.0 168 322
1413 391.0 165.5 176 267
1413 164.0 132.5 190 283
1384 365.0 144.5 184 285
1384 154.5 124.0 195 296
1417 167.0 199.0 184 224
1417 358.5 146.5 189 265
1425 381.5 140.5 199 209
1425 95.0 145.0 266 286
1362 359.5 145.0 189 280
1362 178.5 111.5 209 317
1427 420.0 103.5 182 221
1427 56.0 144.0 246 284
1377 401.0 153.0 200 268
1377 123.5 107.0 201 318
1424 372.0 149.5 216 205
1424 112.5 147.5 231 281
1398 297.0 143.0 208 284
1376 396.5 135.5 157 281
1376 138.0 120.5 196 315
1376 559.5 159.0 45 54
1387 308.0 212.0 236 210
1387 176.5 111.0 177 312
1397 236.5 129.0 271 310
1435 43.0 201.0 222 206
1435 404.0 191.0 18 36
1368 336.5 144.0 241 288
1364 197.5 107.5 175 323
1364 351.5 145.0 161 280
1401 333.0 146.0 192 278
1401 127.5 112.5 163 321
1426 64.5 144.0 275 284
1426 423.5 126.0 175 206
1386 182.0 115.5 194 307
1428 430.5 111.0 203 200
1428 38.0 141.0 236 288
1360 144.0 102.5 192 329
1360 353.5 149.0 191 278
1403 348.5 146.0 171 278
1403 136.0 101.5 154 335
1433 53.5 165.0 153 246
1433 391.5 233.5 9 19
1373 391.5 133.0 145 284
1373 170.5 120.5 171 313
1431 456.0 188.5 180 187
1431 58.0 153.5 150 263
1431 488.5 185.5 21 43
1412 346.0 130.5 170 289
1405 349.5 144.0 213 280
1405 134.5 116.5 159 307
1365 205.5 107.5 157 325
1365 345.5 139.5 165 287
1361 155.0 121.0 194 304
1361 356.0 150.0 192 270
1383 374.5 136.5 175 295
1383 143.5 120.5 215 301
1436 80.0 175.0 182 228
1363 184.0 114.0 198 316
1363 356.0 152.5 188 273
1429 447.0 109.5 194 211
1429 46.0 142.5 214 287
1389 163.5 118.5 207 299
1409 353.5 135.5 197 295
1409 209.0 174.5 138 259
1379 115.5 114.5 183 309
1379 395.5 143.0 179 282
1414 158.5 140.0 167 286
1414 400.5 166.5 167 265
1382 107.0 113.5 260 311
1382 381.0 133.5 194 301
1380 397.5 143.0 169 278
1380 98.5 120.0 205 308
1390 162.0 119.0 188 304
1394 289.0 215.5 230 203
1394 155.0 127.5 152 303
1385 192.0 123.0 150 300
1370 181.0 116.5 274 319
1396 263.0 132.0 226 294
1434 49.0 164.5 158 251
1434 413.5 189.5 19 37
1381 390.0 140.0 172 288
1381 105.0 131.0 220 290
1400 330.0 135.5 184 297
1400 118.0 124.0 168 304
1400 470.5 158.0 37 58
1408 139.0 121.0 234 304
1408 358.0 142.0 206 288
1391 288.5 223.5 239 197
1391 151.0 121.0 166 304
1366 336.0 143.0 182 286
1432 467.0 211.0 168 200
1393 286.0 218.5 244 205
1388 179.0 117.5 206 301
1388 508.5 158.0 45 56
1415 161.5 175.5 181 247
1415 374.5 150.0 177 274
1395 265.5 149.5 225 275
1399 318.5 142.0 187 286
1399 460.5 161.0 43 52
1399 96.5 125.0 181 298
1374 392.5 126.0 139 290
1374 153.5 133.5 199 297
1420 214.0 189.0 218 232
1378 403.5 146.5 191 269
1378 119.5 113.5 183 307
1392 288.0 216.5 240 205
1392 147.0 118.0 172 312
1367 345.0 146.5 238 279
1367 230.0 141.0 148 284
1410 344.0 125.5 178 293
1372 172.5 95.5 171 351
1372 385.5 155.5 151 265
1359 162.5 118.5 175 299
1359 344.5 146.0 211 278
1418 357.5 145.5 191 271
1418 220.0 184.0 172 240
1369 339.5 141.0 179 292
1500 379.5 174.5 167 249
1500 95.5 125.0 215 300
1469 437.5 195.5 151 221
1469 102.5 179.5 233 251
1482 394.0 224.0 150 204
1486 354.0 218.0 160 200
1525 120.5 56.5 233 389
1525 401.0 143.5 168 281
1489 334.0 218.0 180 204
1479 358.5 215.5 193 203
1479 141.5 147.5 235 271
1512 382.0 147.0 158 278
1512 58.0 134.5 218 295
1447 336.5 214.0 109 204
1447 143.0 210.5 190 205
1456 120.0 179.0 176 252
1509 378.0 161.0 216 256
1509 68.0 117.5 182 309
1449 326.5 221.0 113 192
1449 164.5 196.0 187 226
1492 317.0 216.0 174 200
1492 129.0 182.5 190 243
1452 274.5 223.0 219 174
1468 450.5 195.5 151 221
1468 123.5 177.5 259 251
1445 328.5 201.0 157 224
1445 131.0 217.0 180 190
1503 406.5 151.5 161 267
1503 67.5 121.0 205 312
1455 387.5 225.0 119 166
1455 119.0 184.0 180 244
1463 379.5 169.5 169 245
1463 107.0 175.5 234 255
1501 389.5 142.5 179 277
1501 103.0 117.0 202 302
1440 134.5 173.0 159 226
1459 400.0 235.0 124 172
1459 122.5 144.0 181 288
1478 397.5 154.5 165 273
1481 166.0 175.0 238 234
1481 365.5 204.5 181 209
1474 423.0 151.0 170 276
1474 77.5 183.0 211 254
1490 321.5 204.0 187 218
1490 102.5 199.0 217 218
1442 141.5 116.0 171 294
1521 427.0 137.5 164 281
1521 66.0 147.0 218 284
1524 426.0 154.0 164 270
1520 422.0 136.5 176 293
1520 56.0 120.5 202 307
1516 399.5 138.0 167 286
1516 73.0 124.5 186 299
1462 380.5 223.5 163 187
1462 113.0 137.0 192 292
1448 314.0 217.5 138 203
1448 151.0 206.0 168 212
1498 368.0 210.5 186 209
1498 84.5 154.0 199 270
1494 348.5 206.0 171 212
1494 68.5 173.5 171 251
1495 76.0 172.5 166 255
1495 317.0 210.0 218 208
1515 400.0 138.0 164 286
1515 75.0 117.5 188 307
1450 170.0 206.5 270 203
1499 381.5 199.5 167 221
1499 85.5 129.5 197 305
1487 342.5 213.5 175 201
1502 403.5 152.0 185 264
1502 98.0 108.0 208 318
1461 120.0 122.0 176 308
1461 396.5 232.5 133 175
1439 102.0 197.5 198 201
1484 374.0 227.0 170 196
1484 84.0 220.5 280 201
1485 367.0 225.0 170 190
1460 118.5 145.5 189 285
1460 398.0 233.0 128 174
1444 351.5 216.5 161 207
1444 151.5 236.5 171 165
1523 430.0 131.5 166 289
1523 67.0 129.0 230 308
1504 407.5 141.5 179 281
1504 51.0 118.5 222 319
1483 391.0 226.5 172 197
1437 73.5 183.5 233 213
1437 392.0 190.0 16 38
1522 431.0 138.0 162 278
1522 67.0 133.5 208 295
1465 156.0 186.5 214 241
1465 373.0 151.0 164 264
1458 399.0 230.0 120 178
1458 120.5 150.5 185 279
1493 329.5 207.0 171 214
1493 65.0 174.0 174 250
1497 359.5 213.5 191 203
1497 82.5 168.5 193 259
1475 425.0 149.5 170 277
1475 84.0 174.5 190 261
1471 92.5 188.0 195 242
1471 435.0 186.0 150 232
1510 349.5 181.0 227 238
1476 407.0 150.0 192 270
1476 92.0 172.0 228 256
1454 334.5 214.5 167 185
1454 117.0 183.0 172 250
1446 336.5 190.0 103 224
1446 135.5 209.5 167 205
1453 312.0 221.0 184 176
1526 172.5 60.0 173 380
1526 352.5 146.5 193 267
1506 418.5 130.0 171 288
1506 45.5 129.5 229 299
1491 315.0 211.5 190 209
1491 112.0 186.0 200 238
1470 99.5 174.5 213 251
1470 430.0 193.0 156 226
1464 373.0 151.5 176 263
1464 133.5 183.5 239 247
1508 389.0 159.0 220 256
1508 59.5 125.0 195 296
1518 408.0 148.5 178 277
1518 47.0 132.5 222 295
1451 225.0 242.0 58 88
1451 110.0 182.0 136 248
1472 416.0 169.5 174 255
1472 82.0 190.5 210 237
1467 129.5 179.0 259 248
1467 464.0 198.0 144 216
1496 83.0 170.0 156 258
1496 330.5 208.0 211 210
1443 366.0 237.0 128 174
1443 164.5 134.0 149 274
1511 364.5 155.0 189 270
1511 45.5 132.0 229 296
1441 147.5 146.0 211 254
1505 412.5 124.0 173 300
1505 40.5 133.5 231 299
1457 399.0 223.5 112 187
1457 115.5 168.5 191 263
1507 405.0 149.5 194 267
1507 47.5 128.5 217 295
1480 165.5 141.5 241 279
1480 384.0 211.5 160 207
1514 398.0 133.0 164 292
1514 72.5 128.5 199 297
1513 386.0 133.5 172 293
1513 67.5 128.0 197 304
1473 84.5 185.5 205 243
1473 418.0 159.5 172 261
1517 402.5 144.5 165 281
1517 40.0 128.0 234 302
1477 401.0 150.0 170 278
1477 127.5 156.0 183 266
1488 339.5 211.0 173 212
1488 92.5 203.0 237 212
1519 416.5 151.0 173 272
1519 51.5 126.5 209 293
1438 85.0 188.0 240 204
1527 336.0 249.0 198 176
1527 163.5 203.5 191 223
1554 392.5 157.0 183 266
1554 86.0 118.5 168 311
1531 370.0 186.0 176 240
1531 118.0 188.0 212 238
1537 352.5 215.0 199 204
1537 95.5 126.5 215 293
1548 408.5 184.0 155 242
1548 100.5 157.0 209 262
1556 422.0 143.0 178 290
1556 85.5 107.0 183 324
1549 400.5 178.0 163 252
1549 96.0 148.0 218 272
1538 112.0 118.0 182 298
1538 361.0 204.0 188 218
1533 106.5 167.5 203 261
1533 371.0 196.0 172 230
1532 359.5 190.5 187 235
1532 119.5 181.0 203 242
1559 382.0 150.5 188 269
1559 89.5 106.5 201 325
1536 354.5 201.5 193 217
1536 102.5 145.5 201 273
1528 146.0 203.5 252 217
1551 401.0 177.5 158 251
1551 79.5 126.0 191 304
1552 395.5 179.0 163 248
1552 87.0 130.0 166 294
1555 403.0 146.0 198 280
1555 86.0 114.0 176 314
1541 379.5 142.5 173 289
1541 170.0 98.5 182 331
1546 425.5 181.5 147 239
1546 108.5 186.5 247 239
1543 153.0 208.5 244 207
1543 456.5 161.0 131 262
1544 448.0 177.0 142 248
1544 144.0 201.5 236 219
1535 105.5 146.5 197 277
1535 360.0 196.5 186 225
1539 374.0 151.0 192 276
1539 150.0 66.0 208 368
1550 394.5 175.5 171 253
1550 91.5 145.0 235 278
1540 378.0 138.0 188 296
1540 156.0 47.0 208 400
1562 342.0 141.0 156 292
1562 150.0 115.5 218 301
1560 328.0 158.5 218 257
1553 394.5 178.0 169 246
1553 89.5 128.0 167 298
1558 414.0 142.5 186 289
1558 72.0 114.0 212 316
1557 426.0 138.0 174 298
1557 81.0 111.0 178 322
1561 343.5 141.5 191 281
1561 153.0 111.5 208 311
1542 441.5 164.0 131 266
1542 165.0 204.5 272 213
1529 143.5 185.0 241 238
1529 389.5 216.0 171 206
1534 368.0 194.0 176 230
1534 109.0 145.5 194 281
1547 408.5 181.0 155 244
1547 99.5 181.5 229 241
1545 432.5 189.5 145 227
1545 115.5 190.0 241 236
1530 377.5 200.5 171 221
1530 138.0 187.0 234 242
0073 200.0 130.0 176 292
0072 346.0 140.5 166 291
0072 201.5 140.0 163 280
0053 400.0 143.0 140 278
0053 126.5 124.0 169 294
0028 401.0 140.5 196 297
0028 105.5 139.0 215 280
0032 217.5 178.5 299 247
0078 353.5 157.0 215 264
0078 132.0 124.0 198 298
0036 301.5 154.5 211 271
0092 270.0 215.5 180 191
0038 343.0 147.0 178 276
0038 127.5 120.0 169 312
0122 412.5 139.0 147 292
0122 147.0 117.0 178 304
0079 358.0 153.0 202 264
0079 135.5 122.5 167 299
0080 360.0 151.5 202 275
0080 136.0 118.0 154 302
0056 409.0 153.0 138 272
0056 121.5 122.5 173 301
0093 294.5 195.0 157 210
0045 245.5 153.5 241 271
0044 313.0 149.0 144 272
0114 358.5 153.0 183 262
0055 413.0 154.5 128 269
0055 124.5 122.5 173 293
0121 416.0 140.0 142 290
0121 146.5 118.0 181 302
0085 371.5 129.5 193 287
0085 111.0 140.5 246 289
0029 102.5 143.5 253 281
0029 391.0 126.5 176 299
0042 365.5 135.0 117 274
0042 138.0 118.5 166 309
0096 206.0 150.5 240 269
0116 362.0 145.0 172 274
0116 205.0 128.0 142 288
0071 347.5 148.0 171 276
0043 345.0 130.0 120 284
0043 149.0 128.5 172 291
0106 205.0 102.5 192 325
0106 380.5 152.0 169 272
0076 150.5 126.0 201 294
0076 348.0 144.5 236 279
0049 96.5 135.5 179 287
0118 411.0 155.5 180 261
0118 177.5 112.5 173 309
0091 277.0 216.0 176 184
0091 128.0 123.5 176 315
0054 407.5 147.0 129 274
0054 126.0 120.5 168 295
0054 330.0 163.0 44 50
0086 132.0 124.5 212 301
0086 364.0 142.0 184 274
0051 391.5 148.0 151 274
0051 119.5 122.5 167 299
0070 354.5 191.5 161 219
0117 385.0 151.5 162 269
0117 200.5 119.0 153 298
0061 135.0 110.0 256 310
0061 367.0 154.0 140 264
0067 189.0 186.5 232 247
0098 228.0 148.5 188 273
0027 115.0 130.0 190 284
0027 399.0 138.0 206 300
0100 310.0 155.0 126 264
0064 377.5 130.0 173 284
0064 197.0 143.5 178 273
0107 370.5 130.5 179 289
0107 201.0 125.0 200 294
0112 145.0 204.0 270 226
0112 387.5 150.5 169 269
0074 180.5 118.0 187 304
0074 363.5 117.0 229 322
0088 339.0 134.0 188 284
0088 96.0 136.0 226 288
0081 373.5 142.5 191 283
0081 134.0 121.0 166 296
0068 211.5 188.5 209 241
0101 169.5 134.0 221 302
0031 288.5 153.0 237 274
0031 161.5 128.5 157 293
0041 129.5 107.0 171 320
0087 360.5 128.5 189 285
0087 116.0 129.5 218 299
0083 375.0 144.5 192 283
0083 129.5 118.5 177 301
0090 336.0 171.5 128 237
0090 120.5 132.5 199 295
0065 209.5 142.0 195 276
0047 248.5 169.0 253 258
0060 379.5 148.5 155 277
0060 142.0 117.0 222 300
0040 363.0 143.0 194 274
0040 126.0 115.5 168 311
0110 404.5 176.0 155 246
0110 212.0 137.0 192 286
0030 349.5 140.0 211 292
0030 155.5 129.5 159 291
0059 392.0 146.5 174 285
0035 276.5 169.0 217 260
0102 336.5 140.0 131 280
0115 352.5 140.0 161 280
0075 151.5 121.0 213 300
0075 356.5 144.0 209 282
0062 172.5 134.5 209 291
0062 354.5 148.0 121 260
0111 203.5 173.5 217 255
0111 412.5 159.5 149 263
0120 411.5 148.0 175 274
0120 159.0 120.5 186 295
0069 355.5 144.0 153 270
0066 193.0 148.5 218 283
0066 379.5 124.0 165 296
0034 273.0 169.0 216 258
0105 328.5 150.5 181 275
0097 223.5 146.0 209 272
0037 324.0 149.0 194 276
0094 315.0 166.0 138 242
0057 402.5 143.0 161 286
0057 122.0 104.5 190 323
0082 376.5 146.0 179 280
0082 130.5 112.0 173 306
0113 369.0 136.5 168 279
0046 236.5 156.5 263 267
0048 301.5 157.5 229 265
0048 88.0 137.0 192 284
0052 398.5 141.5 143 273
0052 119.0 127.0 176 292
0104 332.0 138.5 144 275
0119 410.0 148.0 180 276
0119 166.0 124.5 196 289
0039 353.0 142.5 198 277
0039 123.0 123.5 170 311
0033 238.5 179.0 267 250
0089 326.0 148.5 196 275
0089 102.0 137.5 224 289
0077 133.5 119.5 207 299
0077 353.0 158.0 220 266
0084 106.5 129.0 233 300
0084 374.5 137.5 195 283
0058 398.0 143.5 166 287
0058 160.5 100.5 191 325
0063 346.5 163.5 123 251
0050 373.0 150.5 168 267
0050 109.0 117.5 184 305
0108 361.5 154.5 175 263
0109 350.5 126.5 155 301
0103 164.0 131.0 210 304
0099 293.0 155.5 136 253
0099 504.5 160.0 49 52
0095 295.0 163.0 154 244
0204 342.5 218.0 177 200
0204 119.5 127.5 193 299
0147 427.5 141.0 163 282
0147 82.0 126.0 172 306
0249 395.5 149.0 155 268
0137 345.0 138.5 172 285
0137 121.5 129.0 163 292
0126 397.5 149.0 207 280
0126 126.5 116.5 169 307
0256 463.0 149.0 84 236
0169 433.5 140.5 163 283
0169 115.0 113.0 184 310
0138 358.5 143.0 155 276
0138 122.0 117.5 162 311
0139 338.5 113.0 159 304
0139 122.0 114.0 166 312
0200 330.5 159.5 245 257
0200 69.5 126.5 167 289
0150 427.0 153.5 174 273
0150 98.5 118.5 163 307
0152 416.5 174.5 191 253
0246 427.0 139.5 186 325
0252 37.0 265.0 180 182
0228 330.0 111.0 156 334
0132 319.5 155.5 179 259
0132 437.0 162.0 42 50
0177 412.5 134.0 193 282
0177 87.0 110.0 208 316
0159 423.5 161.5 167 257
0159 150.5 153.5 261 267
0167 441.0 149.0 160 276
0167 129.5 114.5 185 311
0231 396.5 98.5 153 337
0231 182.0 166.0 170 220
0255 434.5 57.5 135 379
0255 21.5 238.0 205 172
0184 174.5 133.0 297 292
0143 312.5 134.5 221 297
0143 81.0 123.5 176 305
0173 422.0 143.0 186 282
0173 88.0 121.0 178 308
0191 422.0 135.0 124 292
0182 342.5 108.0 151 312
0182 140.0 204.5 244 221
0124 403.0 146.0 194 268
0124 136.0 120.0 154 306
0216 293.5 158.5 129 263
0162 386.5 136.0 159 286
0162 195.5 188.0 165 232
0129 107.0 144.5 240 273
0129 371.0 140.5 190 279
0261 469.5 138.0 131 276
0193 434.0 139.0 174 294
0240 463.0 139.5 140 285
0233 442.5 105.0 139 336
0128 394.5 140.5 211 295
0128 109.0 139.0 204 286
0195 441.0 142.5 180 285
0195 35.5 116.5 135 305
0131 318.0 190.0 204 228
0131 133.0 145.5 214 277
0224 282.0 168.0 180 296
0238 477.5 127.5 139 309
0202 353.5 152.0 213 262
0202 66.0 136.5 204 285
0130 148.0 149.0 212 272
0250 370.5 155.0 165 260
0153 126.5 108.5 251 321
0153 399.5 144.5 205 283
0157 164.0 124.5 200 297
0157 430.0 175.5 166 243
0214 304.5 134.5 149 303
0217 293.5 152.5 127 261
0262 479.0 166.0 136 242
0262 4.0 210.5 124 257
0205 320.5 209.5 191 219
0205 127.0 137.5 182 287
0140 330.0 118.0 166 300
0140 131.0 114.5 162 309
0222 249.0 167.5 228 301
0232 436.5 107.0 133 314
0241 453.0 132.0 158 296
0248 420.5 139.0 185 300
0220 136.5 89.0 269 388
0198 344.0 151.5 268 251
0198 14.5 120.5 181 299
0203 359.5 148.5 189 277
0203 95.5 139.5 213 281
0253 410.0 134.0 136 288
0253 15.0 250.0 156 192
0163 177.5 134.0 163 288
0163 371.5 152.0 165 268
0208 350.5 207.0 161 210
0208 132.5 143.5 181 285
0225 184.0 165.5 272 299
0207 321.0 208.0 198 216
0207 131.5 150.5 201 273
0151 424.5 142.5 183 287
0151 89.5 96.5 165 341
0181 111.5 170.0 253 268
0181 364.5 138.5 191 281
0171 429.5 133.0 169 290
0221 244.5 149.5 147 319
0179 390.0 134.5 168 281
0179 112.0 131.5 238 291
0215 300.0 142.0 142 286
0254 417.5 118.0 177 318
0168 438.0 145.0 158 282
0168 122.5 110.5 181 313
0187 284.0 146.5 202 273
0245 426.5 119.5 199 335
0236 465.0 129.5 126 297
0160 408.5 154.5 157 273
0160 155.0 206.5 226 209
0148 428.5 168.0 181 260
0148 83.5 123.0 173 300
0226 178.0 134.0 276 334
0183 155.0 145.5 320 279
0166 437.5 146.0 165 280
0166 150.0 112.0 162 312
0263 491.5 168.5 119 241
0263 3.0 181.5 158 269
0243 438.5 118.5 173 327
0170 432.5 136.0 161 286
0170 115.5 107.5 181 319
0247 420.5 139.0 185 300
0156 366.0 136.0 178 278
0156 170.0 141.0 174 280
0237 471.5 135.0 123 286
0199 314.5 160.0 245 258
0199 28.0 112.5 196 313
0141 274.5 142.5 211 285
0141 131.0 127.5 174 295
0144 77.5 133.5 177 297
0144 408.5 132.5 131 297
0218 178.5 176.0 191 256
0136 333.5 153.5 185 263
0136 116.0 126.0 172 298
0125 401.0 144.5 162 285
0125 129.0 114.0 160 310
0213 308.0 148.0 188 276
0213 164.0 137.0 172 282
0213 433.5 162.0 47 50
0192 432.0 144.5 166 279
0176 422.5 124.5 185 307
0176 110.5 126.5 185 293
0149 429.5 147.5 173 281
0149 91.5 122.5 171 301
0212 157.5 133.0 163 292
0212 297.0 152.0 182 272
0154 124.5 109.0 251 318
0154 391.5 141.0 217 284
0206 131.0 147.5 206 279
0206 322.0 212.0 192 210
0185 249.5 145.5 227 279
0185 87.0 141.5 202 289
0197 416.5 149.0 197 276
0197 13.5 123.5 181 297
0197 363.5 166.0 31 46
0251 389.5 148.5 137 265
0133 316.0 147.5 176 271
0133 105.5 138.5 199 281
0133 285.5 151.5 51 83
0146 423.5 126.0 125 294
0146 83.5 138.0 173 296
0235 458.0 126.5 140 301
0242 450.5 124.0 159 308
0223 231.0 147.5 270 321
0239 463.5 134.0 137 294
0142 257.5 126.5 241 305
0142 63.5 125.5 181 305
0258 489.0 132.5 90 267
0258 1.0 184.0 74 240
0219 188.0 144.5 238 311
0196 438.5 143.5 173 283
0196 24.0 122.5 160 299
0196 364.0 166.5 30 45
0175 423.0 135.0 180 302
0175 90.0 116.0 186 310
0172 424.0 143.5 178 283
0123 140.5 114.5 161 313
0123 410.0 133.5 152 289
0178 400.5 127.0 199 288
0178 117.5 135.0 229 286
0210 130.0 135.5 168 297
0210 352.0 176.0 154 248
0260 473.5 76.0 125 338
0209 131.5 142.0 173 288
0209 355.5 171.5 153 255
0189 373.5 136.0 129 288
0194 435.0 142.5 180 289
0165 425.0 148.0 168 276
0165 158.5 124.5 197 295
0234 455.5 124.0 137 308
0145 421.5 126.0 117 292
0145 81.5 131.0 173 306
0155 376.5 134.0 183 288
0155 152.5 132.5 199 287
0127 397.0 143.5 204 287
0127 131.5 108.5 169 315
0211 301.5 154.5 229 273
0211 132.0 142.5 168 285
0186 264.5 138.5 221 291
0174 417.5 138.5 189 291
0174 91.0 108.5 182 321
0135 321.5 146.5 185 275
0135 104.5 125.0 159 302
0190 47.0 135.0 224 294
0190 401.0 129.0 118 302
0201 344.5 151.5 217 259
0201 59.0 132.0 194 288
0230 363.0 105.5 142 323
0180 115.0 113.5 228 309
0180 374.5 143.5 171 277
0158 428.5 161.5 171 259
0158 148.0 168.5 242 261
0244 432.0 122.0 184 328
0164 362.0 155.5 182 263
0164 159.5 138.0 163 290
0134 323.5 146.0 175 276
0161 180.0 201.0 194 210
0161 401.5 145.0 151 280
0271 34.0 122.5 176 321
0271 439.0 188.0 128 224
0268 415.0 202.0 142 198
0268 8.5 178.5 199 251
0280 306.5 195.5 227 239
0280 83.5 192.0 175 244
0294 124.5 116.0 257 322
0294 378.0 186.0 170 238
0265 446.5 199.0 147 204
0265 42.5 153.5 153 301
0354 183.5 169.5 247 271
0354 407.5 167.5 155 269
0267 418.0 207.0 160 182
0267 12.5 169.5 193 265
0373 197.0 122.0 160 306
0369 124.0 107.5 190 333
0369 347.5 165.0 131 272
0311 133.5 100.5 167 363
0345 99.0 136.5 214 285
0345 383.0 156.5 196 261
0347 339.0 132.5 178 297
0347 174.0 117.0 176 312
0298 307.5 219.0 197 204
0330 19.0 61.0 138 414
0330 366.5 138.0 219 278
0287 117.5 103.5 175 355
0287 442.0 151.0 132 262
0353 423.5 174.0 165 258
0353 194.0 150.5 226 273
0297 312.5 207.5 195 225
0312 345.0 156.0 132 270
0312 135.5 97.5 161 363
0320 258.5 218.0 285 206
0320 234.0 239.5 46 99
0282 359.5 190.0 213 224
0282 97.0 182.0 228 262
0359 178.5 125.0 197 308
0359 345.0 160.5 184 287
0303 236.5 183.5 151 237
0303 358.0 148.0 182 274
0366 384.5 146.0 167 284
0366 120.5 110.5 179 327
0352 182.0 111.5 242 339
0352 424.5 178.0 161 248
0300 356.5 151.5 149 279
0299 160.5 135.0 213 308
0341 448.0 172.0 166 254
0341 66.5 136.0 235 282
0327 268.0 92.5 234 345
0327 5.5 56.0 231 382
0337 494.0 158.5 116 247
0337 30.5 134.5 183 301
0305 339.5 144.5 193 283
0305 202.0 142.0 164 286
0318 258.0 222.0 286 196
0318 123.0 163.0 162 302
0362 376.5 150.5 169 279
0362 121.5 127.5 211 309
0309 380.0 168.0 162 262
0309 130.5 104.5 187 347
0308 378.5 173.0 167 256
0308 131.0 112.5 208 337
0276 428.0 174.0 98 226
0276 95.0 140.5 214 295
0346 346.5 157.5 215 259
0346 120.5 122.0 205 310
0356 174.0 179.0 212 262
0356 387.0 136.0 148 296
0348 381.0 179.0 164 244
0348 166.5 123.0 199 310
0355 175.0 187.0 204 256
0355 392.0 139.5 152 295
0306 184.0 113.5 182 317
0306 377.5 146.0 181 282
0273 443.5 171.5 129 237
0273 45.0 160.0 190 282
0285 114.0 151.5 186 307
0285 440.0 157.0 128 264
0269 419.0 202.0 134 202
0269 13.0 142.0 198 288
0314 347.5 210.0 155 220
0314 140.0 116.0 168 334
0351 356.5 130.5 159 299
0351 187.5 146.5 175 285
0331 8.0 64.0 162 416
0331 415.0 170.5 186 263
0286 117.5 113.5 177 341
0313 335.5 170.5 145 261
0313 137.5 104.0 161 356
0281 312.5 193.0 239 228
0281 88.5 184.5 173 253
0291 430.5 158.5 179 283
0291 99.0 122.5 208 325
0340 471.0 155.5 148 267
0340 36.5 148.0 263 274
0371 160.0 109.5 186 329
0371 308.0 219.0 136 170
0349 389.5 173.5 165 253
0349 162.0 133.5 214 303
0317 305.0 217.5 192 207
0317 121.5 140.5 207 289
0343 83.5 129.0 209 298
0343 441.0 152.0 158 270
0290 441.0 154.0 148 264
0290 94.5 131.5 219 307
0332 11.5 70.0 159 398
0332 442.5 163.5 153 283
0350 383.0 170.5 150 257
0350 191.5 138.5 187 295
0364 382.0 148.5 160 281
0364 121.5 115.0 181 328
0338 489.0 148.0 138 276
0338 23.5 141.5 231 287
0296 314.0 213.5 206 215
0296 176.5 146.0 177 310
0301 360.0 150.5 150 275
0328 316.0 101.5 228 329
0344 405.5 157.5 205 259
0344 73.5 141.5 233 281
0333 28.5 87.5 149 377
0333 457.5 159.0 149 292
0365 384.0 143.0 166 284
0365 122.0 110.0 174 330
0292 417.0 156.5 184 267
0292 141.5 112.5 153 319
0329 329.5 95.0 245 336
0295 337.5 213.0 193 220
0295 156.0 125.0 210 322
0339 479.5 173.5 139 253
0339 29.5 149.5 247 275
0284 426.5 164.5 143 267
0284 113.5 162.5 189 289
0378 240.0 135.0 158 296
0302 355.5 154.0 161 264
0279 293.0 203.0 234 216
0279 106.0 189.5 156 249
0278 391.5 186.5 135 237
0278 169.0 139.5 166 291
0316 131.5 134.0 195 308
0316 348.5 224.0 147 226
0335 497.0 143.5 96 287
0335 40.5 109.5 153 331
0375 204.5 121.5 239 311
0288 115.0 101.0 176 358
0288 442.5 158.5 131 257
0377 240.0 151.0 160 278
0266 426.5 208.0 157 182
0266 15.0 155.5 182 267
0270 29.0 136.0 176 300
0270 442.5 192.5 111 217
0289 445.5 155.0 137 264
0289 76.5 124.0 225 324
0370 303.5 208.5 165 193
0370 125.0 109.0 186 338
0376 214.0 130.0 232 314
0336 45.0 124.0 154 314
0336 498.5 137.5 95 293
0357 221.5 186.5 165 243
0357 375.0 146.0 156 280
0293 135.0 109.5 248 345
0293 411.5 147.0 175 278
0304 342.5 143.5 217 285
0304 188.0 140.0 170 286
0321 305.0 217.0 198 204
0321 123.5 174.5 167 283
0307 385.0 172.5 174 255
0307 155.5 109.5 209 339
0342 446.5 152.5 161 273
0342 67.5 116.5 225 331
0310 123.5 101.5 185 367
0310 376.0 164.5 174 271
0367 341.0 157.5 182 267
0367 123.0 101.0 170 342
0264 482.5 180.5 131 239
0264 16.0 173.5 152 277
0324 177.5 159.0 171 304
0319 259.5 226.0 287 222
0374 222.0 141.0 204 294
0326 225.0 105.5 258 327
0372 163.5 115.0 205 326
0363 119.5 116.0 197 332
0363 376.5 150.0 169 278
0334 493.0 157.0 108 256
0334 42.0 98.0 148 342
0272 441.0 184.0 132 230
0272 56.5 127.5 163 317
0360 163.0 122.5 218 309
0360 375.0 115.5 186 333
0361 145.0 113.0 220 334
0361 380.0 164.0 170 272
0315 351.0 216.0 154 210
0315 143.5 110.0 173 348
0277 106.5 145.0 205 282
0277 425.0 182.0 94 218
0275 62.5 155.0 243 266
0275 424.0 172.5 152 229
0325 179.0 95.5 182 369
0283 424.0 179.5 148 249
0283 111.5 174.0 149 270
0322 321.0 222.5 160 201
0368 333.0 159.0 184 264
0368 123.5 111.0 171 322
0274 49.0 163.0 220 278
0274 428.0 167.0 152 234
0358 358.0 148.0 158 282
0358 184.0 142.5 172 287
0476 351.0 137.0 164 290
0476 196.5 150.0 165 270
0495 286.0 182.5 226 241
0495 131.5 126.0 167 294
0469 212.5 136.0 201 284
0484 338.5 137.0 191 296
0458 390.0 130.0 182 298
0458 125.5 132.0 179 286
0492 367.5 145.0 197 282
0492 124.5 149.5 201 275
0453 390.5 130.5 179 293
0453 126.5 123.5 175 289
0459 101.0 133.0 230 296
0459 385.0 129.0 190 290
0456 389.5 143.5 181 289
0456 123.5 137.0 173 282
0466 389.5 94.0 225 350
0466 177.0 113.5 224 311
0486 355.5 157.0 225 268
0486 173.5 201.0 203 224
0463 351.0 152.0 206 270
0497 336.0 125.0 136 294
0497 152.0 105.5 172 325
0501 127.5 136.0 215 292
0470 188.0 174.0 230 254
0489 119.0 184.0 240 238
0489 372.0 149.5 196 279
0454 386.0 139.0 182 290
0454 123.5 132.0 183 284
0491 372.0 147.5 188 279
0491 121.0 170.5 212 257
0473 172.0 188.5 222 241
0496 345.0 126.5 164 299
0496 142.5 124.5 169 295
0482 187.5 49.0 175 392
0482 356.0 153.5 196 267
0457 389.0 140.0 180 294
0457 121.5 136.0 177 282
0493 356.0 134.5 208 297
0493 118.5 148.5 187 271
0462 153.0 139.5 216 285
0462 356.0 145.0 204 284
0481 185.5 56.0 141 368
0481 349.0 157.0 224 264
0472 147.0 191.0 254 240
0483 346.5 146.0 205 282
0483 195.0 48.5 166 385
0502 133.0 134.0 200 294
0502 297.5 204.5 209 221
0477 189.0 108.5 182 315
0477 342.5 130.0 185 306
0487 329.5 166.5 263 265
0487 164.0 195.0 190 220
0474 206.0 172.5 216 259
0480 346.5 152.5 227 273
0480 165.0 86.0 148 322
0503 137.5 130.0 183 298
0503 296.5 205.0 219 222
0488 147.0 198.5 228 219
0488 378.5 162.5 189 257
0498 312.0 141.5 146 269
0490 122.5 178.0 231 248
0490 365.0 151.0 198 276
0479 334.0 53.5 256 393
0471 186.5 189.0 251 240
0467 213.0 127.5 190 293
0467 370.5 139.5 205 285
0465 207.5 122.5 197 293
0465 389.5 141.5 227 287
0500 114.5 136.5 235 291
0494 303.5 203.5 203 215
0494 121.0 134.0 168 286
0475 248.0 166.0 138 248
