0009 275.0 221.0 206 194
0028 377.5 158.0 157 258
0028 128.5 179.5 203 241
0011 315.5 222.5 181 187
0015 369.5 158.0 161 256
0015 148.0 190.5 240 237
0017 366.5 156.5 179 261
0007 353.0 207.5 158 203
0025 372.5 163.0 199 254
0025 177.5 202.0 193 220
0008 230.0 217.5 270 201
0014 188.5 153.5 341 269
0012 279.0 215.5 198 197
0002 410.5 129.0 147 278
0002 123.0 130.0 172 304
0022 373.0 154.5 158 257
0022 169.5 64.0 183 364
0027 378.5 162.5 163 253
0027 151.0 190.5 226 229
0018 371.0 155.0 172 264
0018 178.5 128.0 189 292
0024 355.5 147.0 187 268
0026 361.0 181.5 198 239
0026 161.0 190.5 202 229
0030 372.0 153.0 158 260
0030 114.5 142.5 193 283
0006 160.5 138.5 239 283
0006 362.5 163.5 179 251
0001 409.5 132.0 153 276
0001 126.5 129.5 163 299
0004 408.5 145.5 135 261
0004 101.5 130.5 239 297
0013 223.5 132.0 267 290
0029 380.0 154.5 150 255
0029 115.5 144.5 193 283
0005 389.0 151.5 138 259
0005 120.0 121.5 234 315
0003 113.5 122.5 191 311
0003 415.5 136.0 139 272
0016 376.0 153.0 154 258
0016 214.5 202.0 191 216
0020 377.5 160.0 185 260
0020 173.0 67.5 166 363
0021 377.0 158.0 162 256
0021 164.0 58.0 134 376
0019 410.0 167.0 174 250
0019 166.5 202.5 143 221
0010 189.5 127.0 273 284
0023 365.0 147.5 172 261
0023 173.0 68.0 194 356
0165 154.0 55.0 210 380
0074 364.0 146.5 170 273
0093 367.0 122.0 214 212
0093 63.5 134.0 185 298
0079 382.5 151.0 157 260
0079 114.5 149.0 199 272
0091 359.0 31.5 190 263
0091 47.0 102.0 228 340
0039 99.0 131.0 180 296
0039 412.5 166.5 103 243
0038 85.0 129.0 190 302
0038 393.0 185.0 132 232
0150 388.5 184.5 149 235
0150 139.0 56.0 182 378
0104 386.5 184.0 161 232
0104 128.0 173.0 184 258
0071 413.5 142.5 147 277
0071 161.5 55.0 133 370
0065 364.0 143.0 180 262
0160 116.0 128.5 192 301
0160 362.0 362.5 276 69
0099 331.5 240.5 155 165
0099 195.0 205.5 170 221
0041 408.0 149.5 112 277
0041 65.5 121.0 227 308
0052 376.5 166.0 163 250
0052 128.0 126.5 168 291
0057 430.5 160.0 167 258
0057 162.5 109.0 191 320
0154 166.0 185.5 234 237
0154 397.5 301.5 133 147
0166 170.0 71.5 218 359
0101 372.5 221.5 185 187
0082 205.0 157.0 240 258
0077 377.5 158.0 169 260
0077 130.0 180.0 204 242
0102 424.5 222.0 129 190
0102 179.5 195.5 259 231
0159 353.0 366.0 294 64
0159 116.0 122.0 202 314
0164 153.0 71.0 202 358
0164 370.0 348.5 262 87
0149 378.0 183.5 144 241
0149 125.0 74.0 196 352
0033 194.0 142.5 252 269
0168 187.5 198.0 239 216
0168 339.5 369.5 263 87
0148 379.5 211.5 195 201
0148 110.5 127.5 189 285
0084 343.0 179.5 160 221
0084 65.5 167.0 199 266
0096 352.0 260.0 118 136
0096 99.0 136.5 172 303
0151 398.5 182.0 109 236
0151 156.0 76.5 212 345
0045 276.0 223.5 216 191
0053 386.0 142.0 164 270
0053 132.5 109.5 167 315
0064 368.5 144.5 169 261
0064 133.0 198.0 268 230
0140 415.0 190.5 164 227
0140 111.0 185.5 228 241
0034 161.5 132.0 213 292
0103 393.0 198.0 158 216
0103 149.0 175.0 232 256
0088 415.5 92.5 135 299
0088 101.0 135.0 210 304
0097 146.0 116.5 170 307
0097 360.5 276.5 137 119
0043 407.0 151.0 150 254
0043 92.0 132.0 246 294
0092 285.5 75.5 327 207
0092 23.5 128.0 209 312
0086 394.0 177.0 138 226
0086 90.0 162.5 180 273
0040 410.0 150.5 108 243
0040 91.5 124.5 187 301
0124 346.0 171.0 174 232
0124 60.5 135.5 221 291
0048 331.0 218.0 204 194
0048 120.0 157.5 168 263
0067 362.0 142.5 218 265
0067 186.5 149.5 171 273
0110 386.5 161.5 163 255
0110 72.5 120.5 219 311
0094 322.0 220.0 176 184
0094 78.5 131.0 187 302
0085 384.5 178.0 137 228
0085 74.0 141.5 194 293
0105 377.0 191.5 166 223
0105 125.0 147.5 178 281
0035 384.5 189.0 141 220
0035 67.0 138.5 184 289
0136 381.5 265.0 173 146
0121 73.5 116.0 205 314
0121 372.0 168.0 128 242
0115 370.5 195.0 191 220
0115 65.5 126.0 193 298
0114 381.0 159.0 178 264
0114 63.5 129.5 199 291
0109 109.0 129.5 188 293
0109 368.0 196.5 186 219
0125 63.0 138.0 210 292
0125 390.5 165.0 139 242
0047 311.0 219.0 220 194
0047 113.0 150.5 150 279
0083 300.5 174.0 199 250
0083 59.5 169.5 199 267
0118 386.5 198.0 163 216
0118 45.5 134.5 223 293
0046 298.5 216.5 231 195
0046 109.5 170.0 159 260
0056 397.5 139.0 161 274
0056 165.5 120.0 181 302
0076 373.5 163.5 181 255
0076 149.0 200.5 220 207
0069 407.0 141.5 184 265
0069 160.0 110.0 190 316
0068 387.5 149.0 225 250
0068 169.0 121.0 192 298
0135 389.0 145.0 146 264
0135 156.5 101.5 199 333
0161 117.0 131.0 180 292
0139 415.0 203.0 168 214
0139 115.0 188.5 194 237
0158 124.5 172.0 193 256
0158 361.5 370.0 283 58
0089 402.5 115.5 159 239
0089 102.0 129.0 204 310
0123 297.5 170.5 235 227
0123 50.0 130.0 244 302
0107 365.5 195.0 185 220
0107 111.5 144.0 189 276
0155 144.0 176.5 258 251
0156 139.0 181.0 244 246
0156 380.5 354.5 257 81
0058 434.0 163.0 160 254
0058 158.5 128.0 211 302
0132 401.5 161.0 131 252
0132 131.0 59.5 214 375
0036 314.0 191.5 220 217
0036 69.5 133.5 199 301
0078 377.5 151.5 161 267
0078 121.5 176.0 213 248
0152 190.0 200.0 268 224
0062 390.0 143.0 150 264
0075 393.5 164.0 179 254
0075 167.5 192.5 205 229
0087 405.5 137.0 135 276
0087 101.0 137.5 204 301
0081 317.0 176.0 172 226
0081 129.5 125.5 167 291
0130 407.0 168.0 128 234
0130 130.0 110.0 178 306
0113 406.5 147.5 161 263
0113 54.0 133.0 222 298
0145 387.0 196.5 182 221
0145 78.5 134.5 183 289
0112 406.0 148.5 186 255
0112 51.5 124.0 237 310
0137 430.5 256.0 155 160
0137 156.0 182.0 212 244
0100 316.5 196.5 175 217
0095 340.5 237.0 157 162
0095 98.0 132.0 218 300
0031 335.5 153.0 163 242
0031 113.0 139.0 184 278
0098 169.0 88.0 198 350
0098 363.5 267.0 127 134
0066 361.5 146.5 181 259
0143 393.5 187.5 173 229
0143 78.0 140.5 214 289
0061 396.0 152.0 154 264
0061 156.0 121.5 224 311
0116 370.0 206.5 184 207
0116 46.5 122.0 221 306
0073 179.5 74.5 207 353
0073 367.5 140.0 171 278
0138 432.5 214.5 157 201
0138 124.5 185.5 193 241
0037 91.5 131.0 179 302
0037 391.0 187.5 132 229
0070 421.5 145.0 159 268
0070 164.5 113.0 125 306
0142 402.5 181.5 161 241
0142 102.0 183.5 204 243
0127 66.5 134.0 205 296
0127 403.0 162.5 124 243
0106 376.5 192.5 175 225
0106 119.0 148.5 182 279
0126 399.0 161.0 136 250
0126 66.5 134.5 197 291
0122 291.5 168.0 233 238
0122 59.5 119.5 211 305
0144 398.5 193.0 169 222
0144 80.0 140.5 208 291
0044 388.5 169.5 155 241
0044 135.5 139.5 245 277
0167 187.0 211.5 190 205
0146 383.5 207.5 191 205
0146 76.5 135.5 181 281
0157 125.0 177.0 214 250
0157 369.5 368.0 269 62
0050 127.0 135.5 160 287
0050 365.5 220.5 179 191
0080 346.0 159.5 178 253
0080 114.0 142.5 186 275
0141 400.0 188.0 166 228
0141 102.5 182.5 219 249
0060 412.5 155.5 149 259
0060 168.0 184.0 170 238
0063 386.5 144.5 153 267
0063 153.0 178.0 230 260
0055 401.0 156.5 162 255
0055 129.0 106.0 184 330
0129 87.5 121.5 197 311
0129 409.5 154.5 125 247
0169 194.5 189.0 225 232
0111 392.0 154.5 172 259
0111 60.5 141.5 233 289
0133 400.0 160.0 130 248
0133 132.0 56.0 206 378
0054 137.0 112.5 162 315
0054 401.0 151.0 168 264
0162 112.0 129.0 182 288
0162 371.0 356.0 200 76
0049 352.0 214.5 192 199
0049 124.0 144.0 162 282
0134 396.0 155.5 136 255
0134 157.0 51.0 196 392
0163 146.5 122.5 163 297
0117 373.5 207.5 183 205
0117 33.5 129.5 243 305
0072 392.0 141.5 164 281
0072 157.0 55.0 200 372
0042 417.5 152.0 127 254
0042 98.5 121.5 205 309
0051 373.5 202.0 171 214
0051 127.0 132.0 170 286
0119 377.5 180.0 171 240
0119 56.5 125.0 213 306
0108 367.5 203.5 181 211
0108 111.5 140.0 185 276
0120 394.0 187.0 154 222
0120 72.0 126.0 186 298
0131 403.5 159.0 129 256
0131 121.5 80.0 219 348
0090 109.0 139.0 194 294
0090 375.5 123.0 193 226
0172 163.0 172.0 216 256
0153 413.5 295.0 121 154
0153 168.5 144.5 293 269
0059 429.0 167.0 162 246
0059 173.0 144.5 204 279
0147 381.5 202.0 195 212
0147 83.5 129.0 177 294
0128 74.0 142.0 208 290
0128 410.0 158.0 120 248
0203 80.5 179.5 197 239
0203 529.0 211.5 110 191
0178 125.0 139.0 224 298
0233 381.0 152.5 160 261
0233 108.5 139.0 203 288
0237 121.0 126.0 224 306
0237 398.0 143.0 150 270
0274 346.0 144.0 174 268
0235 395.0 144.5 152 269
0235 119.0 134.0 192 298
0269 367.0 154.0 172 260
0269 176.5 58.0 175 368
0221 316.5 177.5 187 241
0221 92.0 178.5 168 255
0276 361.0 145.5 178 267
0244 425.5 166.5 155 247
0244 121.0 108.5 238 323
0232 375.0 158.5 164 253
0232 110.5 135.5 207 295
0219 326.5 189.5 167 221
0219 149.0 160.5 162 277
0226 323.0 206.0 220 212
0226 127.5 171.0 165 258
0177 146.5 137.0 183 296
0177 315.0 350.5 298 83
0182 126.0 196.5 214 247
0182 329.0 327.5 248 69
0240 384.5 145.5 161 265
0240 152.5 108.0 199 328
0264 347.5 143.0 157 272
0265 352.0 145.5 158 265
0197 63.5 202.5 215 231
0197 527.5 231.5 109 183
0246 415.0 148.5 144 269
0246 105.0 125.5 204 299
0239 387.0 142.0 158 268
0239 143.5 116.5 213 319
0186 142.0 192.5 228 253
0248 404.5 145.5 159 265
0248 106.0 107.0 192 326
0194 98.0 199.0 212 236
0256 160.0 126.5 232 297
0200 71.5 176.5 175 251
0291 280.5 144.0 201 266
0291 87.0 118.5 174 321
0280 379.0 164.5 154 247
0280 150.0 194.0 216 218
0175 311.5 346.5 307 87
0175 159.0 151.5 196 273
0261 142.5 197.5 263 227
0267 369.0 142.5 176 271
0267 185.5 132.0 161 282
0254 374.5 138.5 169 271
0254 111.0 128.0 242 310
0196 65.5 198.5 227 235
0255 151.0 123.5 222 307
0285 362.5 147.5 153 263
0285 124.5 148.5 169 271
0218 309.5 203.5 201 207
0218 140.5 175.0 169 254
0270 362.0 163.5 172 243
0270 181.5 50.5 151 377
0249 404.0 145.0 160 266
0249 86.5 109.0 195 326
0236 392.0 144.0 158 270
0236 121.0 132.5 196 303
0282 373.5 156.5 155 255
0282 126.5 182.0 187 242
0184 121.5 189.0 219 254
0207 481.0 162.5 132 237
0289 284.5 141.0 207 274
0289 55.5 127.0 203 300
0212 276.0 192.0 214 222
0173 159.5 152.0 195 274
0173 309.0 359.5 302 73
0283 371.5 152.5 153 255
0283 124.0 168.5 190 261
0273 185.5 37.5 185 409
0273 356.5 149.0 159 262
0290 331.0 147.0 142 260
0290 71.5 133.5 191 295
0241 367.0 148.0 178 270
0241 176.5 117.5 187 303
0225 353.5 201.0 205 216
0225 111.0 172.0 162 260
0268 382.5 159.0 157 258
0180 329.5 315.0 297 100
0180 158.5 197.0 201 236
0286 318.0 153.5 188 261
0286 129.0 131.5 168 291
0179 147.5 202.0 179 230
0227 301.5 202.5 209 207
0227 138.0 164.0 168 270
0210 351.0 182.0 202 236
0279 383.5 163.0 161 250
0279 163.0 196.0 206 214
0266 346.5 141.5 163 269
0266 192.5 135.5 171 287
0187 150.5 181.5 215 255
0211 300.5 195.5 209 219
0242 428.5 175.0 163 246
0242 167.0 122.0 218 296
0262 351.0 128.0 152 284
0202 87.5 181.0 183 234
0202 527.5 247.5 111 155
0208 474.0 162.0 144 238
0198 61.0 207.5 224 225
0198 546.0 237.5 96 175
0223 370.5 165.0 175 252
0223 105.0 180.5 162 255
0277 394.5 163.5 163 257
0277 182.5 198.0 203 234
0193 117.0 209.5 194 227
0252 90.0 139.0 248 294
0252 398.5 141.5 177 273
0183 137.0 195.5 242 243
0183 336.5 310.5 233 87
0245 414.0 170.0 162 242
0245 115.0 112.5 210 313
0250 406.0 144.5 160 267
0250 88.0 113.5 180 323
0228 308.0 188.5 192 219
0228 152.0 132.5 166 297
0217 296.0 209.0 232 204
0217 131.0 178.0 174 248
0275 212.0 94.5 198 339
0192 122.5 194.0 195 240
0257 198.0 140.5 218 287
0243 432.0 178.5 162 239
0243 147.0 113.5 220 307
0176 161.0 140.5 186 281
0176 314.5 343.5 295 89
0201 92.0 162.5 148 251
0201 558.5 261.5 81 157
0191 128.0 192.0 186 250
0191 390.5 302.5 133 105
0222 333.5 177.0 193 244
0222 83.5 180.0 171 252
0189 131.0 191.0 200 252
0263 347.5 146.5 155 265
0271 362.5 162.0 167 248
0271 177.0 54.5 164 377
0188 151.5 183.5 221 249
0205 105.5 172.0 219 238
0205 511.0 167.0 100 248
0229 329.0 117.0 184 294
0229 105.0 112.5 196 331
0260 193.5 180.5 229 245
0234 386.5 146.5 161 265
0234 116.0 148.0 184 276
0195 81.0 203.0 220 234
0195 477.5 275.0 107 130
0216 108.5 181.0 157 250
0216 311.0 203.0 214 202
0258 337.5 137.0 163 284
0258 187.5 150.5 177 265
0281 373.0 159.0 152 252
0281 125.0 188.0 188 234
0278 402.0 168.5 154 247
0278 180.5 200.0 175 216
0238 398.5 144.0 151 268
0238 117.5 131.5 239 301
0181 126.5 195.5 207 245
0230 346.0 72.5 180 355
0230 117.0 111.5 186 327
0206 124.5 170.0 215 236
0206 486.0 163.5 132 247
0253 394.5 140.0 173 278
0253 96.5 126.5 249 315
0220 261.5 189.5 231 231
0220 127.0 182.5 172 251
0204 68.0 181.5 216 235
0204 531.0 188.0 104 228
0190 139.5 202.5 187 243
0190 365.5 335.5 207 89
0288 252.0 144.0 272 266
0288 55.5 117.5 201 317
0224 362.0 188.0 194 228
0224 112.0 179.5 152 251
0214 101.0 182.0 158 244
0214 291.5 191.0 221 222
0215 95.5 186.5 153 235
0215 304.0 191.0 220 224
0292 315.0 147.5 140 269
0292 109.5 117.0 187 308
0199 59.5 186.0 207 250
0185 132.5 200.5 203 243
0272 358.0 151.0 156 266
0272 184.0 61.0 180 374
0251 90.5 118.5 221 325
0251 406.5 151.0 179 258
0209 416.5 159.5 173 249
0247 412.5 146.0 147 270
0247 100.0 112.5 208 317
0287 301.5 156.5 209 257
0287 136.0 133.0 170 284
0259 364.0 149.5 166 261
0259 175.5 140.0 217 282
0284 373.5 150.5 153 259
0284 125.0 168.0 174 262
0231 365.5 147.0 173 260
0231 124.0 120.5 166 311
0314 408.5 157.0 157 260
0314 182.5 102.0 209 324
0342 351.0 145.0 156 266
0342 88.0 132.0 230 286
0320 420.5 161.0 135 254
0320 158.5 194.0 301 238
0365 262.0 160.0 222 246
0350 295.5 162.0 211 246
0350 115.5 125.0 175 310
0360 300.5 157.0 195 248
0360 90.0 131.0 180 296
0352 258.5 160.5 241 251
0352 89.5 127.5 175 303
0331 419.5 151.0 151 256
0331 121.5 122.0 169 304
0326 439.5 169.5 149 241
0326 159.0 145.0 156 278
0296 263.5 169.5 225 239
0341 332.5 148.5 181 261
0341 95.5 132.0 215 284
0311 363.5 148.5 99 265
0311 145.5 125.0 183 302
0332 421.5 153.5 149 253
0332 114.5 100.5 179 331
0299 272.5 190.0 193 234
0299 101.0 169.0 166 262
0324 353.5 142.5 167 269
0324 180.0 134.0 166 286
0336 420.0 147.0 174 266
0336 111.0 102.0 162 328
0323 374.5 143.0 151 264
0323 197.0 153.5 166 265
0293 322.0 156.0 148 260
0293 125.0 103.5 166 327
0300 271.5 157.5 209 267
0300 118.5 146.0 181 280
0359 267.0 149.5 222 263
0359 77.5 136.5 179 291
0308 316.5 142.0 185 278
0308 128.0 122.5 176 315
0335 418.0 145.0 166 262
0335 114.0 111.5 178 311
0362 334.5 161.5 145 249
0362 106.0 138.0 204 286
0373 396.5 141.5 155 271
0373 145.0 108.0 184 316
0328 429.0 166.0 142 244
0322 386.5 142.0 141 266
0322 227.5 186.0 155 234
0319 435.0 167.0 150 242
0319 185.5 178.5 255 245
0312 361.5 136.5 107 281
0312 155.5 118.0 193 310
0333 414.0 150.0 166 258
0333 121.5 106.0 165 318
0310 347.0 136.5 126 281
0310 128.5 110.0 185 334
0346 267.0 150.5 230 257
0346 61.0 117.5 196 313
0368 361.5 150.5 171 251
0368 115.5 133.0 181 294
0297 262.0 163.5 232 251
0377 192.5 195.5 259 221
0356 296.5 161.5 207 249
0356 109.0 122.0 188 310
0353 309.5 153.0 189 254
0353 82.0 123.0 184 310
0366 264.0 147.0 248 262
0366 92.5 133.5 183 293
0351 276.5 151.5 223 265
0351 118.0 139.0 178 290
0295 273.0 195.0 214 222
0295 134.5 66.5 173 357
0349 315.0 156.5 188 257
0349 90.5 144.0 187 284
0316 388.0 158.5 158 255
0316 197.0 120.0 180 304
0348 339.5 147.0 151 266
0348 82.0 126.5 186 307
0369 368.5 146.5 169 259
0369 113.0 140.5 186 285
0304 242.0 145.0 226 270
0304 96.0 123.0 172 316
0315 412.0 149.0 148 268
0315 189.0 106.5 198 323
0329 425.0 164.5 144 243
0329 124.5 116.5 171 309
0363 298.0 175.0 200 230
0339 276.5 149.5 279 261
0339 121.5 109.0 163 316
0305 258.0 145.0 228 270
0305 109.0 134.0 162 296
0317 376.5 155.0 151 256
0317 196.0 142.5 166 279
0358 231.0 159.0 264 250
0303 286.0 150.0 152 266
0361 336.5 152.5 135 255
0361 108.0 135.5 202 293
0367 318.5 146.0 213 262
0367 101.5 138.5 177 287
0294 292.5 176.0 185 248
0294 130.5 57.5 179 377
0337 412.0 146.5 164 259
0337 112.5 108.0 177 316
0364 130.0 154.5 356 263
0374 390.0 144.0 158 264
0374 171.5 83.5 197 339
0370 376.0 149.5 160 255
0370 119.0 132.5 176 299
0309 127.0 118.5 192 313
0309 335.0 135.5 154 285
0325 422.0 183.5 150 231
0325 174.0 143.5 164 269
0313 190.5 117.0 163 302
0313 364.5 156.0 93 232
0327 435.0 165.0 152 246
0327 140.5 205.5 153 215
0357 292.0 172.5 216 235
0354 338.0 146.5 150 263
0354 95.5 116.0 219 326
0371 391.5 141.5 157 271
0371 114.5 141.5 189 285
0338 385.5 145.5 175 265
0338 106.5 106.0 167 322
0345 255.0 150.0 248 258
0347 308.5 148.0 191 258
0347 77.5 124.0 183 310
0321 399.0 154.0 146 258
0321 157.0 197.5 228 235
0318 432.5 170.5 153 239
0318 171.0 137.0 194 292
0376 190.0 85.5 192 337
0376 364.5 141.0 169 260
0355 328.0 158.5 170 255
0355 91.0 127.0 196 308
0372 398.0 142.0 150 270
0372 121.5 135.0 183 286
0343 341.5 143.5 165 273
0343 90.0 139.5 228 281
0306 270.5 147.5 229 269
0306 125.0 131.5 172 301
0298 266.5 194.5 179 225
0344 297.0 151.5 212 253
0344 93.0 137.0 222 284
0340 305.5 147.0 223 262
0340 109.0 114.0 188 310
0301 149.5 146.0 343 284
0375 385.0 143.5 160 269
0375 172.5 53.5 193 377
0330 422.0 152.0 146 260
0330 122.5 111.5 163 317
0307 293.0 145.0 216 274
0307 121.0 125.0 180 310
0302 274.0 159.5 172 257
0334 414.0 144.0 168 266
0334 112.5 109.5 183 313
0540 326.5 124.0 153 248
0540 79.0 112.5 256 319
0505 386.5 160.0 143 254
0505 198.0 187.5 150 235
0529 366.0 160.0 178 254
0529 126.0 177.5 218 251
0475 351.5 137.0 165 276
0452 301.5 207.5 213 209
0452 128.5 154.0 175 270
0453 321.5 209.0 191 210
0453 128.5 133.0 179 296
0451 291.0 224.5 230 191
0451 127.5 181.0 177 240
0454 330.5 216.0 193 198
0454 131.0 144.0 180 282
0466 317.5 125.0 215 290
0497 119.5 127.0 189 298
0497 345.5 143.5 125 285
0484 379.5 153.5 151 251
0484 125.0 118.5 170 303
0511 381.0 143.0 154 266
0511 209.0 148.0 202 272
0532 377.0 148.0 160 260
0532 125.0 142.5 178 279
0523 356.0 143.5 188 271
0450 254.5 224.5 251 191
0467 345.0 142.5 164 273
0467 188.5 145.0 155 274
0476 348.0 147.0 172 260
0476 196.0 146.5 160 269
0524 363.5 166.0 225 252
0524 173.0 192.5 206 229
0515 407.0 162.5 160 255
0515 171.5 216.5 121 207
0464 158.5 112.5 209 309
0464 379.5 133.5 185 277
0519 382.0 151.0 156 264
0519 162.5 59.0 189 370
0536 355.5 121.5 153 239
0536 129.5 113.0 175 310
0465 370.5 131.5 177 281
0465 165.5 121.0 203 304
0531 376.0 147.0 162 262
0531 123.0 152.5 198 273
0509 409.5 162.5 139 247
0509 184.0 177.0 262 252
0502 410.0 163.5 172 253
0502 192.0 117.0 222 306
0494 357.0 131.5 96 265
0494 101.0 130.5 224 295
0535 371.5 141.0 157 270
0535 121.0 132.0 176 286
0468 398.5 139.5 169 273
0468 187.0 114.0 238 316
0490 296.0 77.0 178 298
0490 36.0 132.0 200 300
0440 111.5 126.5 203 301
0440 400.0 147.5 168 265
0483 376.5 154.0 157 254
0483 123.5 121.0 175 298
0503 407.5 165.5 153 249
0503 200.5 124.5 207 309
0463 390.0 141.0 178 276
0463 170.5 112.5 207 309
0498 355.0 154.0 140 248
0498 142.0 119.0 172 312
0492 287.5 71.5 187 309
0492 62.0 137.0 214 284
0506 441.0 185.0 152 228
0506 184.5 148.5 249 279
0518 387.5 154.0 151 262
0518 161.0 59.0 140 372
0526 365.5 167.0 193 250
0526 158.0 192.0 212 222
0480 363.5 143.5 181 267
0480 124.5 125.5 191 303
0462 367.5 157.0 169 254
0462 170.5 105.5 197 321
0474 337.5 137.5 183 279
0479 378.5 160.0 169 254
0479 141.0 123.5 184 313
0477 189.0 126.5 232 293
0539 267.5 113.0 217 246
0521 365.0 148.5 170 263
0521 179.5 58.0 185 376
0520 376.0 153.5 158 257
0520 178.0 59.5 174 373
0527 360.5 163.5 193 253
0527 144.5 191.5 229 225
0449 262.5 223.5 233 189
0449 121.5 157.5 173 259
0455 335.0 214.0 190 202
0455 140.0 142.0 186 286
0472 375.5 138.0 159 276
0460 369.0 144.5 166 263
0460 152.5 118.0 167 312
0514 400.5 157.5 167 263
0514 166.0 122.0 232 298
0473 370.5 142.0 161 270
0473 163.5 200.0 219 234
0522 360.0 142.0 180 274
0522 199.0 73.0 176 358
0446 187.0 128.5 272 291
0445 345.0 182.5 160 233
0495 119.0 135.5 188 287
0495 347.0 159.0 102 264
0441 392.5 157.5 167 249
0441 113.5 123.5 239 309
0516 386.5 161.0 173 256
0516 154.0 103.0 212 328
0443 363.5 155.5 181 251
0443 158.0 128.5 226 291
0442 384.5 154.0 169 258
0442 134.5 138.5 235 283
0444 183.5 137.5 259 285
0525 366.0 176.0 208 244
0525 169.5 192.5 189 223
0456 137.0 146.0 166 280
0456 329.5 210.5 191 207
0533 363.0 161.0 174 248
0533 124.0 145.0 178 276
0510 402.5 156.0 139 256
0510 211.5 189.5 203 231
0489 276.5 81.0 197 292
0489 102.0 130.0 212 288
0469 407.0 145.0 182 262
0469 169.0 145.0 220 282
0538 124.5 111.0 199 318
0448 157.0 205.0 336 214
0458 351.5 149.0 165 272
0458 145.0 125.0 166 302
0530 375.5 152.0 165 260
0530 127.0 167.5 200 261
0501 399.5 160.5 157 259
0501 184.0 109.0 204 316
0528 365.0 162.5 178 255
0528 124.5 180.0 217 246
0447 188.5 121.5 289 299
0493 353.0 97.5 120 297
0493 84.5 135.5 205 297
0487 125.5 116.5 169 309
0487 386.5 115.0 121 294
0439 404.5 137.0 155 270
0439 115.5 119.0 187 304
0471 173.5 178.5 283 255
0500 354.0 147.0 160 264
0500 187.5 122.5 169 299
0470 400.0 143.5 160 269
0457 337.5 195.0 183 222
0457 140.5 140.5 177 285
0517 381.5 159.5 165 257
0517 154.5 69.0 141 360
0486 353.0 201.0 166 200
0486 124.5 125.0 165 294
0507 436.5 168.0 149 244
0507 192.5 139.5 259 287
0481 375.0 158.0 164 256
0481 128.0 124.0 174 296
0461 363.5 139.0 173 270
0461 172.0 107.5 178 325
0485 374.5 155.5 155 249
0485 121.5 127.5 167 289
0534 128.5 134.5 163 283
0534 342.5 191.5 189 217
0537 130.5 113.0 169 312
0491 291.0 57.5 180 305
0491 60.5 130.5 203 293
0482 376.0 158.0 162 254
0482 126.5 117.5 179 305
0478 392.0 149.5 174 269
0478 169.0 114.5 192 309
0504 388.0 163.5 162 253
0504 210.0 182.5 158 245
0496 354.5 150.5 93 277
0496 124.0 132.0 176 296
0508 416.5 161.0 161 254
0508 149.0 198.0 240 234
0513 352.0 146.0 192 264
0513 181.0 130.0 174 290
0512 369.0 146.0 164 262
0512 181.5 151.0 185 268
0459 357.5 149.0 177 262
0459 138.5 120.0 181 302
0488 367.0 104.5 134 297
0488 127.5 117.5 173 305
0499 356.5 147.0 147 256
0499 143.5 118.5 189 305
0616 312.5 72.5 191 195
0582 24.0 131.5 178 293
0582 403.0 291.0 214 120
0585 6.0 117.0 212 334
0585 405.0 311.0 214 94
0557 354.5 191.0 189 222
0614 335.5 89.0 185 142
0590 71.5 203.5 193 235
0590 413.5 310.0 133 96
0590 531.5 286.0 85 122
0572 114.5 156.0 181 268
0621 151.5 204.5 175 217
0587 54.5 121.5 203 331
0587 397.0 344.0 226 62
0646 328.0 161.5 178 245
0646 72.5 91.0 265 348
0586 20.0 108.5 224 353
0586 395.0 311.0 222 102
0634 192.5 219.5 175 199
0571 119.5 179.5 309 245
0615 97.0 50.5 434 385
0623 145.0 199.0 248 230
0595 433.0 225.0 164 166
0595 72.0 197.0 220 242
0596 91.0 199.0 228 236
0596 404.5 219.0 117 176
0563 340.0 222.0 178 192
0563 169.0 76.0 194 348
0599 363.5 238.0 173 154
0599 111.5 172.5 205 261
0606 197.0 215.5 318 195
0603 382.0 223.0 108 172
0545 355.5 206.0 111 192
0545 123.0 127.5 198 303
0624 150.5 192.5 255 239
0607 199.5 150.5 325 263
0559 349.0 196.5 198 221
0559 116.0 141.0 192 284
0550 331.5 143.0 145 266
0558 352.5 190.0 191 226
0558 116.5 147.0 219 280
0581 14.5 131.5 197 295
0581 392.0 297.0 232 120
0649 343.0 151.0 146 250
0649 93.0 105.5 230 327
0567 160.0 190.5 232 221
0613 340.0 88.5 174 131
0577 32.0 134.0 220 292
0577 369.5 348.0 277 82
0588 65.0 132.5 196 313
0588 391.0 350.0 232 60
0612 351.0 93.5 164 125
0584 0.5 115.0 221 334
0584 416.0 317.5 206 81
0628 176.0 202.0 184 226
0564 344.5 170.0 163 244
0564 179.0 62.0 180 362
0611 384.0 96.5 84 123
0548 344.5 163.0 125 254
0648 354.0 149.5 142 253
0648 73.5 99.5 217 335
0546 357.5 201.5 107 195
0546 119.0 129.0 202 302
0591 74.5 193.0 187 246
0591 452.5 275.5 113 125
0574 97.0 139.0 170 292
0575 84.0 134.5 170 283
0639 362.5 159.0 167 238
0639 157.5 202.0 191 222
0554 148.0 184.5 356 245
0566 178.0 192.0 304 222
0578 26.5 132.5 221 299
0578 371.5 348.0 269 88
0626 158.5 207.0 199 222
0641 162.0 184.0 210 244
0641 354.0 162.0 98 240
0541 318.5 163.5 163 213
0541 104.5 126.5 205 305
0638 371.5 167.5 157 245
0638 169.5 194.0 187 230
0644 163.0 154.5 202 271
0605 401.5 224.5 103 165
0583 5.5 124.5 213 323
0620 148.0 180.5 312 247
0552 196.5 189.0 349 236
0637 369.0 188.5 162 219
0637 172.5 193.5 187 231
0622 154.5 195.5 225 227
0622 345.5 245.5 107 189
0625 152.5 187.5 317 241
0593 439.0 210.5 152 197
0593 56.0 195.5 228 245
0631 226.0 189.0 372 248
0580 10.5 135.0 213 290
0562 347.5 208.0 177 206
0642 162.0 179.0 296 244
0579 8.5 137.5 235 291
0579 354.5 348.5 287 69
0632 212.0 188.0 326 248
0640 349.0 156.5 158 239
0640 159.0 204.5 188 219
0598 303.5 229.0 239 170
0598 101.0 180.0 224 258
0600 126.0 190.5 198 237
0600 371.5 228.5 153 165
0561 350.5 202.0 195 210
0561 123.5 136.5 179 283
0543 119.0 139.5 318 285
0542 334.0 185.0 144 210
0542 96.5 128.0 227 292
0602 381.5 226.5 113 165
0602 164.5 155.0 221 260
0556 322.5 186.0 209 232
0601 388.5 223.0 121 166
0601 176.0 160.0 182 252
0551 382.5 258.5 155 157
0551 208.5 179.5 205 249
0636 182.0 185.5 168 243
0636 352.5 237.0 155 168
0604 231.0 153.5 248 263
0544 329.5 216.5 155 181
0544 116.0 139.5 200 285
0629 177.5 196.5 195 233
0555 340.0 185.5 188 237
0592 55.5 184.5 239 261
0592 450.0 229.5 116 173
0619 129.0 113.0 280 326
0569 329.5 271.5 263 157
0597 125.0 205.0 392 218
0645 274.0 156.0 220 248
0645 71.0 109.5 218 325
0565 190.0 71.5 340 353
0643 164.0 179.0 202 250
0547 362.0 176.5 100 233
0547 180.5 96.5 177 333
0627 176.5 197.5 283 235
0573 105.0 143.5 196 285
0635 186.0 190.0 168 232
0635 375.0 243.0 124 164
0608 151.5 156.0 351 254
0576 75.5 130.0 181 282
0633 200.0 183.5 246 237
0610 358.0 120.0 140 116
0610 120.5 197.0 291 226
0609 375.0 131.5 114 167
0594 63.0 182.5 226 259
0594 448.0 189.5 142 219
0647 355.0 157.0 154 242
0647 65.0 92.0 232 346
0589 401.0 337.5 216 77
0589 71.0 184.5 200 257
0630 197.5 183.0 213 244
0549 189.0 62.0 230 364
0560 349.5 203.5 197 207
0560 120.0 139.0 184 276
0553 398.5 209.0 147 208
0656 403.5 181.0 129 236
0656 81.5 144.5 175 283
0729 422.0 130.0 150 270
0729 34.5 134.5 237 285
0655 227.5 179.0 311 220
0655 66.5 147.0 203 280
0654 99.0 138.5 338 283
0708 403.0 165.5 188 243
0708 138.5 177.0 269 256
0739 80.5 121.0 181 300
0732 343.0 147.0 236 240
0732 63.5 122.5 183 303
0688 392.5 150.0 163 268
0723 404.5 150.0 155 264
0723 103.5 121.5 155 303
0751 45.5 152.5 219 271
0671 133.5 125.0 249 302
0671 402.0 153.0 186 254
0685 289.0 152.0 196 256
0694 418.0 146.5 164 267
0694 104.0 117.5 166 305
0714 363.0 150.0 172 258
0714 171.5 142.0 173 272
0659 405.5 166.5 127 247
0659 79.0 140.5 186 291
0696 420.5 151.5 169 263
0696 107.0 121.0 192 296
0743 31.0 132.5 218 297
0743 535.0 150.5 100 271
0689 404.5 147.0 155 272
0689 83.5 134.5 187 303
0666 420.0 149.5 156 255
0666 103.5 135.0 167 294
0681 367.5 146.0 169 260
0672 155.0 113.0 216 308
0672 390.0 141.0 162 268
0697 419.5 152.0 169 256
0697 90.5 135.0 239 278
0690 415.5 147.5 139 273
0690 93.0 183.5 170 245
0742 526.5 117.5 109 303
0742 43.5 140.0 219 282
0715 408.5 166.5 175 247
0715 162.0 121.5 208 289
0669 410.0 151.5 182 257
0669 132.5 133.0 251 286
0660 82.0 138.0 186 290
0660 424.5 173.0 101 252
0680 183.0 155.5 274 263
0662 423.0 148.5 102 273
0662 74.5 125.5 193 293
0664 420.0 153.0 110 258
0664 91.0 127.5 176 299
0686 336.5 149.5 167 269
0686 133.5 132.0 187 306
0710 388.0 154.5 166 263
0710 141.0 184.5 254 243
0735 352.0 190.5 194 215
0735 62.5 138.5 219 283
0721 402.0 158.0 156 250
0721 111.0 121.0 182 298
0749 46.0 121.5 170 309
0749 509.5 99.5 133 337
0720 403.0 158.0 152 256
0720 114.0 123.0 184 298
0702 405.0 164.0 196 244
0702 155.5 116.5 235 303
0707 403.0 163.0 196 248
0707 154.5 150.5 219 275
0667 420.5 148.0 159 260
0667 101.5 136.0 171 294
0712 167.0 183.5 210 241
0712 386.5 153.5 149 255
0734 296.5 153.5 267 247
0734 70.0 123.5 186 301
0726 409.5 158.0 185 248
0726 96.0 123.0 182 300
0705 378.0 154.5 164 253
0705 172.0 134.5 178 285
0676 412.5 157.0 151 260
0676 198.0 136.5 218 279
0682 369.0 150.0 176 248
0682 142.5 206.5 251 219
0693 416.5 151.5 157 261
0693 94.5 120.5 173 297
0713 378.5 152.5 153 257
0713 172.0 190.5 186 233
0730 433.5 139.0 147 264
0730 43.0 127.5 220 301
0709 392.0 160.0 172 254
0709 159.5 183.0 225 244
0733 293.5 145.5 287 243
0733 70.5 120.5 179 297
0684 336.5 147.0 181 262
0727 408.5 156.5 179 251
0727 91.0 126.0 182 300
0704 386.5 158.5 169 253
0704 184.5 136.0 165 288
0717 401.5 163.5 167 253
0717 133.5 123.0 237 302
0738 83.0 125.0 182 298
0738 458.0 72.5 126 321
0703 397.0 156.0 170 256
0703 172.0 130.5 186 291
0698 409.5 149.5 173 259
0698 115.5 117.0 221 300
0700 395.0 135.0 154 272
0700 178.0 118.5 166 299
0747 28.0 123.5 186 301
0670 123.0 131.5 272 293
0670 399.5 148.5 203 267
0673 374.0 127.0 158 278
0673 184.5 111.0 195 314
0687 387.5 153.5 153 259
0719 401.0 150.5 158 265
0719 117.0 122.5 182 295
0691 413.0 147.0 146 272
0677 395.0 155.0 152 258
0677 194.0 149.5 172 273
0657 73.5 144.5 199 285
0668 419.5 147.5 175 263
0668 100.5 141.5 211 279
0722 403.5 153.0 155 258
0722 108.0 120.0 154 306
0731 51.0 130.0 206 292
0731 420.5 145.5 161 259
0711 388.5 150.5 153 265
0711 161.5 189.0 217 240
0724 410.5 153.5 171 249
0724 101.0 125.5 162 295
0748 47.0 114.0 174 316
0740 50.5 124.5 213 299
0740 502.5 105.5 137 263
0741 473.5 50.5 167 323
0741 46.5 131.0 217 292
0661 91.5 134.0 173 298
0661 425.0 162.5 98 245
0750 378.0 112.0 246 318
0750 42.0 132.0 200 302
0665 417.0 151.5 136 257
0665 97.0 125.5 164 297
0650 328.0 150.5 152 247
0650 95.0 134.0 218 294
0706 401.5 160.5 205 251
0706 166.0 128.0 214 288
0652 328.0 154.0 154 244
0652 117.0 134.0 192 290
0728 418.0 144.5 164 257
0728 63.0 137.5 208 283
0736 354.0 195.5 190 211
0736 75.0 134.5 214 287
0679 375.5 137.5 155 271
0699 405.0 138.5 162 269
0699 128.5 116.5 201 301
0701 401.0 156.5 204 259
0701 168.0 109.0 206 316
0675 431.5 162.0 161 252
0675 168.5 112.5 209 309
0737 419.5 147.5 119 257
0737 79.0 138.0 200 286
0678 384.5 151.0 157 260
0678 183.5 139.0 163 284
0658 388.0 189.5 140 221
0658 80.0 140.0 198 292
0674 420.5 165.0 177 250
0674 180.0 116.5 196 303
0746 23.5 129.0 197 294
0663 410.0 157.0 128 250
0663 72.5 124.5 195 297
0718 401.0 158.5 160 257
0718 115.5 124.0 217 292
0651 330.0 156.5 150 247
0651 115.0 135.0 184 288
0716 148.5 120.0 211 300
0716 414.0 190.5 172 219
0744 27.0 141.0 214 286
0744 551.5 259.5 87 163
0745 30.5 138.0 183 284
0725 409.5 161.0 187 242
0725 94.0 124.0 172 296
0653 114.0 135.0 180 280
0653 339.5 162.0 131 244
0683 182.5 180.0 277 246
0695 415.0 149.0 178 260
0695 102.0 119.0 170 300
0692 414.5 148.0 145 268
0692 95.5 130.5 179 289
0756 195.5 135.5 241 279
0762 417.5 156.0 137 252
0762 195.0 172.0 246 254
0765 388.0 168.5 134 235
0844 364.5 135.5 163 269
0778 388.0 149.0 180 256
0778 121.0 122.0 176 300
0785 315.0 213.0 180 192
0793 355.5 144.0 157 270
0793 192.5 177.0 173 264
0753 106.5 125.0 421 296
0845 352.5 137.5 161 275
0770 386.0 164.5 164 249
0770 167.0 122.5 214 297
0838 384.0 140.5 158 265
0838 118.0 140.0 198 288
0833 242.5 150.0 255 262
0833 93.5 138.0 175 296
0755 142.0 149.0 270 276
0757 297.0 193.0 138 220
0822 321.5 147.0 159 258
0822 124.0 129.5 182 297
0799 396.0 161.5 148 245
0799 131.5 117.5 179 301
0847 389.5 213.0 171 198
0847 183.5 189.5 247 239
0837 348.0 144.5 178 259
0837 118.5 134.5 197 293
0835 317.5 150.0 209 262
0835 116.5 140.5 181 285
0823 283.0 152.5 202 259
0823 124.5 130.5 187 295
0782 388.5 132.0 137 266
0782 169.5 115.5 233 305
0788 256.5 213.5 217 201
0811 89.5 145.5 369 273
0758 201.5 128.0 245 284
0802 390.5 149.5 143 255
0802 124.5 115.0 157 308
0831 268.5 156.0 209 248
0825 240.0 149.0 238 260
0784 311.5 215.0 195 194
0841 388.0 144.0 160 266
0841 130.5 130.5 173 295
0809 338.0 152.0 148 250
0809 105.0 132.5 206 283
0772 382.5 154.0 143 254
0772 134.0 120.0 178 302
0821 307.5 145.5 183 263
0821 109.0 129.5 186 301
0780 392.0 143.5 168 263
0780 128.5 124.0 171 300
0764 397.0 163.5 130 241
0764 153.0 189.5 256 247
0818 250.5 154.5 239 249
0803 355.5 155.5 181 247
0803 125.5 120.0 157 300
0829 293.0 147.5 180 269
0829 127.5 138.5 187 291
0843 376.0 143.5 166 265
0843 178.5 64.0 195 364
0771 379.5 162.0 157 252
0771 148.5 129.0 177 296
0816 296.5 159.0 205 246
0816 127.0 132.0 166 292
0804 342.0 152.0 182 252
0804 127.0 120.0 158 300
0827 294.0 148.5 176 263
0827 115.0 136.0 176 294
0815 323.5 151.0 155 256
0815 116.5 128.5 175 303
0786 312.5 219.0 183 184
0786 215.0 220.5 122 199
0836 351.5 146.0 171 262
0836 119.5 140.0 183 292
0776 385.5 152.0 155 248
0776 124.0 109.0 168 316
0754 117.0 153.0 376 264
0795 410.0 166.0 152 246
0795 173.5 118.0 199 306
0769 372.0 155.0 180 260
0810 314.5 159.5 181 243
0810 93.0 141.0 232 280
0851 362.0 184.5 170 231
0851 121.0 175.5 186 255
0842 389.0 145.5 164 265
0842 171.0 67.0 182 368
0789 159.5 190.5 239 247
0790 357.0 154.5 160 259
0790 174.0 202.0 210 224
0824 273.5 154.0 209 252
0824 132.0 130.5 178 295
0832 233.5 145.5 249 265
0768 349.0 148.0 166 256
0768 202.0 138.0 168 284
0752 62.5 128.5 217 299
0752 337.5 215.5 293 105
0800 393.0 157.0 152 254
0800 132.5 116.0 173 302
0812 244.0 157.5 242 251
0812 79.5 134.5 181 293
0774 382.0 154.5 148 249
0774 129.0 129.5 178 291
0808 319.0 155.5 192 245
0808 125.0 123.5 178 297
0850 370.0 180.5 166 239
0850 142.0 176.5 170 255
0775 383.0 154.0 148 250
0775 127.0 108.5 170 317
0759 203.5 128.5 227 289
0840 386.0 144.0 162 264
0840 134.0 125.5 170 301
0781 394.0 130.0 144 272
0781 149.5 120.0 209 304
0848 389.5 205.5 155 205
0849 378.5 185.0 159 230
0849 142.0 194.0 176 234
0820 277.5 147.0 203 264
0820 89.5 127.5 185 303
0806 266.0 156.0 272 246
0806 131.0 115.0 158 304
0777 385.5 151.5 161 253
0777 121.0 113.5 172 309
0787 262.0 222.0 212 188
0813 249.5 150.0 241 256
0813 74.5 137.5 177 287
0766 378.5 153.5 141 251
0826 242.5 152.5 233 255
0826 90.0 135.0 182 294
0839 384.5 141.5 161 269
0839 126.0 138.0 176 290
0819 244.0 156.5 242 247
0819 95.0 133.0 176 298
0796 401.0 168.5 156 241
0796 156.0 114.0 218 316
0791 368.5 150.0 159 258
0791 189.5 193.5 183 235
0828 311.5 148.5 149 269
0828 121.0 130.5 180 301
0801 396.0 153.5 142 253
0801 126.0 120.0 178 302
0794 352.0 149.0 190 256
0794 190.0 208.0 150 212
0797 401.0 161.5 148 249
0797 144.0 199.5 144 227
0792 360.0 146.0 152 266
0792 182.5 188.0 197 244
0834 292.5 146.5 231 263
0834 114.0 132.5 180 297
0814 296.0 146.5 182 261
0814 95.0 131.0 178 300
0846 375.5 220.0 183 190
0846 196.0 179.0 216 250
0773 383.5 153.0 145 258
0783 351.5 214.5 159 193
0783 168.5 112.0 227 306
0779 392.0 150.5 168 251
0779 133.0 113.5 168 313
0760 338.5 165.5 143 231
0761 387.0 153.0 142 254
0807 291.5 162.0 229 238
0807 134.5 118.0 161 300
0805 333.0 161.0 192 248
0805 125.5 118.5 161 303
0763 396.5 80.0 151 332
0763 206.5 196.0 219 228
0817 274.5 153.5 217 255
0817 128.0 127.5 182 299
0767 357.5 150.5 155 257
0830 261.5 153.0 217 258
0798 394.0 162.5 148 247
0798 135.5 123.0 183 302
0870 262.0 171.5 202 233
0893 285.5 161.0 161 260
0899 135.0 124.5 196 307
0899 332.5 139.0 151 276
0867 288.0 143.5 198 271
0867 140.5 140.0 183 290
0869 258.0 164.5 220 245
0882 266.5 148.5 181 265
0882 78.5 134.0 183 294
0877 273.0 152.5 198 255
0853 366.5 191.5 173 219
0853 116.5 181.5 183 241
0892 278.5 154.5 197 271
0892 135.0 142.0 166 284
0864 296.5 137.0 241 260
0864 118.0 141.0 186 280
0881 131.0 131.5 198 305
0891 282.0 182.5 206 237
0891 118.0 145.0 176 272
0905 201.5 117.0 235 298
0875 135.5 149.0 353 270
0886 237.5 194.0 275 220
0873 292.0 149.0 170 266
0873 120.0 135.0 172 292
0860 407.0 150.5 192 253
0860 119.0 127.0 178 288
0858 373.0 160.0 172 256
0858 109.5 122.0 189 298
0856 355.5 196.5 189 213
0856 119.5 136.5 181 281
0855 371.5 194.5 171 219
0855 114.5 149.0 195 278
0883 302.0 146.5 136 273
0883 90.0 133.0 184 296
0894 212.5 144.0 239 276
0901 163.5 131.0 185 290
0901 353.0 133.0 118 282
0861 404.5 146.0 183 260
0861 120.5 128.0 201 290
0879 238.5 142.5 239 269
0865 289.5 142.0 233 266
0865 140.5 142.5 173 281
0859 397.0 150.5 162 261
0859 118.0 111.0 184 314
0857 362.0 194.0 180 218
0857 120.5 130.5 171 283
0896 259.0 145.0 226 272
0902 160.0 115.0 200 310
0902 362.5 150.5 97 243
0872 270.0 146.5 198 259
0872 114.0 130.5 176 299
0885 253.5 177.5 223 247
0887 260.5 205.0 217 210
0871 240.0 149.5 238 253
0871 83.5 142.0 177 284
0863 383.0 142.5 168 265
0863 117.5 143.0 191 278
0904 362.5 147.5 91 245
0904 202.0 115.5 154 303
0876 263.5 162.0 209 244
0880 262.5 150.0 177 258
0874 296.5 148.0 171 260
0874 125.5 134.5 173 295
0895 245.5 145.5 219 277
0895 87.5 146.0 189 284
0888 262.5 200.0 181 222
0890 285.5 193.0 185 226
0878 234.0 143.5 254 259
0878 92.0 139.0 180 284
0862 407.0 146.5 176 259
0862 115.5 136.5 183 279
0884 303.5 160.5 141 257
0884 117.5 136.5 181 289
0898 320.5 140.0 171 278
0898 119.5 142.0 205 288
0889 239.5 188.5 187 235
0900 137.5 124.5 189 303
0900 338.5 137.5 139 279
0903 363.0 141.5 94 259
0903 193.0 120.0 174 300
0897 287.0 143.0 202 272
0897 120.0 176.5 182 251
0868 288.5 145.5 191 265
0852 362.5 186.0 175 230
0852 117.0 183.5 182 241
0854 363.5 194.5 173 221
0866 292.5 145.0 219 270
0866 129.5 152.0 183 276
