0023 185.5 160.5 143 255
0023 320.5 205.5 171 209
0024 89.5 189.5 171 225
0024 280.0 141.0 198 278
0039 101.5 162.5 149 253
0039 356.0 109.0 144 308
0041 142.5 163.5 135 249
0041 291.0 100.5 192 329
0048 114.5 182.5 151 235
0048 364.5 159.0 197 244
0054 398.5 129.5 165 293
0058 153.0 157.0 226 248
0058 367.0 259.0 188 158
0063 354.5 175.0 195 248
0051 393.0 137.0 166 282
0051 124.5 177.0 153 246
0027 121.0 163.0 162 250
0027 296.0 129.5 160 289
0049 374.5 146.5 185 273
0049 123.5 167.0 137 250
0022 172.0 166.0 132 246
0022 308.5 213.5 215 201
0046 105.0 201.0 148 214
0046 314.0 179.5 236 245
0032 140.5 165.0 145 248
0032 310.5 194.0 181 226
0036 328.5 125.5 161 289
0036 76.0 180.0 160 238
0053 398.5 132.0 161 286
0053 124.5 179.5 137 241
0062 372.5 170.0 177 256
0062 179.5 212.0 153 206
0020 294.0 152.0 272 258
0020 147.0 173.0 130 236
0057 109.0 101.5 186 301
0057 397.5 143.0 167 282
0026 264.5 130.5 197 289
0026 100.5 184.0 169 232
0017 134.0 171.0 132 242
0017 374.5 128.0 183 288
0030 95.0 164.0 162 254
0030 271.0 216.5 266 205
0037 356.0 131.5 134 281
0037 77.5 193.0 161 220
0059 224.0 157.0 124 264
0059 418.5 229.0 159 190
0018 356.0 158.0 212 254
0018 133.5 177.5 141 243
0028 60.0 167.5 164 245
0028 287.0 137.0 186 284
0050 392.0 137.0 168 282
0050 126.5 167.0 153 246
0035 115.5 173.5 145 235
0035 325.5 142.0 165 262
0064 324.0 175.0 216 250
0055 117.5 204.5 93 225
0055 388.0 140.5 184 277
0019 341.5 156.0 227 252
0019 135.5 177.0 139 244
0021 292.5 135.5 241 279
0021 161.5 163.5 133 253
0043 99.5 199.0 143 216
0043 279.0 205.0 210 216
0038 91.5 171.0 155 240
0045 97.5 204.5 135 209
0045 300.5 185.0 237 230
0040 113.0 165.5 148 245
0040 309.5 82.0 201 326
0040 212.5 173.5 29 69
0029 58.0 179.0 168 238
0029 261.0 149.0 248 278
0025 254.0 124.5 238 293
0025 92.0 168.0 164 246
0061 370.5 172.0 203 234
0061 185.5 209.0 153 204
0047 110.0 199.0 146 218
0047 346.0 188.5 210 225
0031 115.5 154.0 153 266
0060 394.0 214.5 180 207
0060 216.5 197.0 193 218
0052 129.0 174.5 146 249
0052 400.5 137.0 159 282
0034 155.5 162.5 151 253
0034 274.0 146.5 200 271
0042 153.5 162.0 149 252
0042 286.5 139.5 173 277
0033 149.0 169.0 146 244
0056 388.5 138.5 187 283
0044 85.5 202.0 145 212
0044 292.5 206.0 223 214
0192 161.5 164.0 123 246
0204 166.0 140.0 136 278
0204 401.0 277.0 160 146
0151 283.0 110.5 202 311
0151 83.0 196.0 170 220
0086 163.5 158.0 133 262
0086 314.5 176.5 191 253
0130 154.0 171.5 132 239
0130 360.5 148.0 183 264
0177 373.0 144.5 188 273
0177 129.5 178.5 149 239
0128 149.5 167.0 135 248
0128 340.0 131.0 190 288
0178 139.0 175.5 132 233
0178 385.0 128.0 174 294
0139 190.0 165.5 140 247
0139 307.5 212.0 197 198
0170 292.0 200.5 226 217
0170 91.5 201.5 147 211
0201 157.0 168.0 142 258
0153 74.5 181.5 159 233
0153 274.0 125.0 210 292
0188 247.5 142.0 237 274
0118 106.0 160.0 150 260
0118 361.5 134.5 193 277
0101 110.5 162.5 147 255
0101 355.0 132.5 188 279
0171 320.5 183.5 209 235
0171 104.5 205.0 149 210
0195 151.5 152.0 101 264
0159 197.0 166.5 150 249
0073 157.5 190.5 151 221
0073 358.0 152.5 190 259
0149 141.5 168.0 137 246
0149 347.5 197.5 167 225
0087 169.5 164.0 129 250
0087 310.5 181.5 211 245
0197 131.5 162.5 141 255
0205 187.0 65.5 154 263
0205 439.5 249.0 127 172
0191 183.5 173.0 137 228
0124 130.5 172.5 143 237
0124 323.0 186.5 214 239
0135 181.0 159.5 142 253
0181 344.5 108.0 215 312
0181 144.5 171.0 135 240
0125 139.5 171.0 139 240
0125 315.0 179.0 230 250
0123 361.5 148.5 199 271
0123 129.0 177.5 146 243
0111 177.5 179.5 189 245
0189 207.5 206.5 201 205
0199 150.0 166.5 144 249
0157 166.5 181.5 147 237
0126 142.5 169.5 133 241
0126 339.0 193.5 220 221
0141 122.0 195.0 158 214
0141 268.0 133.5 200 291
0104 123.0 166.5 138 249
0104 377.5 131.5 181 285
0075 361.0 151.5 210 267
0075 143.0 166.0 140 250
0132 166.0 165.5 130 247
0186 188.0 161.0 202 248
0097 180.5 161.5 145 251
0152 66.0 182.5 170 231
0152 274.5 112.5 221 305
0163 100.0 166.0 156 248
0103 118.5 163.5 147 251
0103 379.5 137.5 169 281
0150 313.0 118.5 188 301
0150 154.0 169.5 140 241
0158 177.5 177.0 175 244
0099 92.0 161.5 158 253
0099 319.0 133.0 190 286
0071 176.0 164.5 166 247
0117 98.5 163.0 153 252
0117 368.0 136.5 180 275
0196 130.0 166.5 122 249
0120 115.5 181.0 145 236
0120 392.5 141.0 169 282
0084 155.0 161.0 138 258
0084 330.0 151.5 202 267
0076 140.5 162.0 139 256
0076 370.5 142.5 199 277
0164 107.5 161.5 157 255
0164 336.5 129.0 173 286
0129 151.5 168.0 137 244
0129 356.0 144.5 190 267
0133 232.0 138.0 274 282
0133 160.5 170.0 113 224
0107 153.0 171.5 140 241
0107 308.0 131.0 222 292
0119 110.0 167.0 148 246
0119 379.5 141.5 181 275
0098 100.0 167.0 158 248
0098 312.0 122.0 182 296
0166 147.0 165.5 152 247
0166 279.0 203.0 200 202
0185 181.5 161.5 159 255
0185 379.0 144.0 162 272
0179 387.0 128.5 172 289
0179 141.0 175.5 130 231
0148 137.5 170.0 135 240
0148 331.0 128.0 200 288
0175 357.5 152.5 199 259
0175 121.5 177.5 161 241
0168 104.0 203.5 142 213
0168 278.0 203.5 206 221
0102 367.0 138.5 178 277
0102 115.5 163.5 145 253
0113 130.0 170.0 158 234
0113 314.5 126.0 177 288
0094 250.5 181.5 259 247
0090 182.5 162.5 137 249
0090 299.0 179.0 222 244
0131 152.0 162.0 138 252
0131 285.0 123.5 256 289
0109 172.5 162.5 133 253
0109 278.5 200.0 259 222
0134 175.5 163.0 125 248
0134 267.5 133.5 211 285
0172 112.5 201.0 151 212
0172 342.5 173.5 217 231
0137 192.5 161.0 133 254
0137 309.0 150.5 182 263
0200 155.0 168.0 138 248
0108 157.5 171.0 139 240
0108 302.0 148.0 240 272
0140 191.0 164.0 134 246
0140 307.0 202.0 160 216
0193 158.5 154.0 99 266
0081 150.5 166.5 133 247
0081 353.0 140.5 204 271
0167 168.0 166.0 178 246
0085 163.5 161.0 131 254
0085 324.0 189.5 200 237
0154 91.5 176.0 169 246
0154 310.0 140.5 178 271
0145 114.0 167.5 144 247
0145 317.5 130.5 201 283
0069 186.0 152.5 152 261
0180 368.0 129.0 192 288
0180 140.5 175.0 131 232
0207 219.0 40.0 116 160
0095 254.0 177.5 256 247
0082 151.0 159.0 134 258
0082 357.0 149.5 206 267
0127 146.5 171.0 133 240
0127 328.0 156.0 208 258
0116 99.5 160.5 155 259
0116 361.5 151.0 181 252
0190 201.5 174.0 167 226
0190 396.0 187.5 240 197
0092 188.0 162.5 132 251
0121 117.5 178.5 149 241
0121 393.5 140.0 171 278
0161 94.5 167.0 155 244
0161 324.5 149.0 163 264
0156 143.0 170.0 142 242
0156 247.0 188.0 264 240
0079 355.0 147.5 194 265
0079 147.5 166.0 133 248
0183 161.0 169.5 136 243
0183 357.5 139.0 189 274
0187 234.5 166.0 143 242
0198 138.0 166.5 144 249
0144 304.5 127.5 213 287
0144 106.0 168.0 152 246
0202 151.0 174.0 150 250
0184 167.5 169.5 135 245
0184 358.5 133.5 187 279
0182 146.5 179.5 149 239
0182 322.5 121.5 211 297
0160 190.5 170.5 139 241
0160 302.5 146.0 165 272
0078 146.5 170.5 135 241
0078 367.5 146.0 197 264
0096 181.5 166.5 139 243
0091 186.5 160.5 133 251
0091 297.5 179.5 215 243
0122 121.5 181.5 143 235
0122 385.5 141.0 187 274
0155 302.5 146.0 203 266
0155 117.5 164.0 145 254
0077 148.0 170.5 134 241
0077 363.0 140.0 202 274
0147 119.5 159.0 145 258
0147 351.5 141.5 195 261
0203 137.0 223.5 176 195
0142 90.0 191.0 164 222
0142 295.0 128.0 182 290
0176 378.0 141.0 180 274
0176 128.5 166.5 151 249
0080 151.0 167.5 134 245
0080 357.5 146.5 193 269
0143 301.0 128.5 204 287
0143 92.5 194.0 161 220
0174 358.5 165.0 193 246
0174 120.0 187.0 162 228
0072 172.0 188.0 158 232
0072 360.0 158.5 188 243
0093 191.0 158.5 132 255
0070 178.5 159.5 159 249
0070 371.5 168.5 185 231
0114 312.0 137.0 192 276
0114 90.5 169.0 163 240
0169 85.5 204.0 147 206
0169 300.5 205.0 203 218
0067 218.0 187.5 302 237
0110 174.0 167.5 160 245
0088 174.5 159.0 127 256
0088 301.0 174.5 220 253
0105 137.5 170.5 135 243
0105 350.5 116.0 203 300
0136 187.0 162.0 140 248
0068 395.0 144.5 164 275
0068 213.0 170.5 140 225
0173 112.5 194.0 147 222
0173 333.0 188.0 204 228
0083 157.0 162.0 132 252
0083 357.0 147.0 200 266
0106 307.0 109.0 216 318
0106 144.0 172.5 134 239
0074 357.0 152.0 208 254
0074 145.0 189.0 150 228
0089 174.5 161.0 127 252
0089 289.0 176.5 238 247
0138 193.0 161.5 134 253
0138 311.5 151.0 181 260
0165 138.0 178.5 138 241
0165 290.0 113.5 188 311
0194 155.5 154.0 95 266
0162 89.0 167.0 156 244
0162 339.5 134.0 143 278
0115 88.5 189.0 157 222
0115 340.0 137.5 182 273
0100 342.5 128.0 185 292
0100 96.0 163.0 164 254
0146 118.0 157.5 144 261
0146 328.5 130.0 207 282
0258 266.0 213.5 142 201
0270 10.5 216.0 227 180
0337 156.0 183.0 158 232
0337 328.5 137.5 211 277
0269 41.0 149.0 176 202
0269 412.5 139.5 193 265
0230 164.5 164.5 137 249
0230 380.5 118.0 155 300
0285 473.5 150.5 153 251
0227 162.0 174.0 146 248
0227 376.0 128.0 172 284
0238 144.5 160.5 131 257
0238 378.5 120.0 167 300
0283 461.5 152.5 171 253
0297 72.5 230.0 91 162
0330 358.0 168.5 180 237
0330 165.5 240.5 171 173
0289 502.5 186.0 95 208
0289 17.5 264.0 103 128
0320 364.0 149.5 174 253
0320 133.5 189.0 107 224
0335 350.0 152.0 212 260
0335 158.0 211.5 158 197
0231 156.0 161.5 138 255
0231 375.0 111.0 178 312
0291 53.0 236.0 84 162
0291 497.0 187.0 102 208
0305 415.5 186.5 171 203
0305 81.0 238.5 204 137
0294 435.0 181.0 166 214
0294 63.0 231.0 88 158
0216 422.5 146.5 171 273
0249 151.0 164.0 134 250
0249 319.0 196.0 212 216
0251 151.0 164.5 134 253
0251 344.0 205.0 184 206
0306 411.0 186.0 148 208
0306 128.0 235.5 166 149
0281 453.0 168.0 162 240
0246 150.0 163.0 128 254
0246 338.0 196.5 182 215
0221 323.0 155.0 224 254
0221 80.0 205.0 168 216
0293 444.0 207.5 162 187
0293 64.0 234.5 86 161
0213 427.0 197.0 182 214
0213 149.5 226.5 181 191
0327 325.0 185.0 212 230
0308 398.0 175.5 146 227
0308 210.5 222.0 107 172
0262 75.5 134.0 183 198
0220 335.0 149.0 238 260
0220 69.0 225.0 180 192
0255 156.5 165.0 135 248
0255 323.5 204.5 149 217
0282 461.0 163.0 150 248
0282 6.5 228.5 217 183
0241 144.0 162.0 134 254
0241 361.5 155.5 193 261
0315 390.5 163.0 169 252
0315 168.0 225.0 118 184
0287 480.5 160.0 145 242
0286 472.0 152.0 156 254
0239 143.0 163.0 136 254
0239 379.5 116.5 165 305
0272 438.5 138.0 173 272
0271 13.0 249.5 222 173
0318 395.5 156.0 177 252
0318 131.5 228.0 121 184
0310 374.5 179.0 161 222
0310 198.0 205.0 144 194
0336 337.5 146.5 223 257
0336 156.5 197.5 161 215
0250 151.0 164.5 132 251
0250 338.0 193.0 192 218
0229 167.0 164.0 136 252
0314 387.0 163.5 162 249
0235 146.5 161.5 135 255
0235 351.5 183.5 207 237
0295 66.5 228.5 89 163
0295 435.5 180.0 157 212
0225 149.5 178.5 155 241
0225 359.5 154.5 179 257
0329 333.5 176.0 183 246
0329 177.5 214.5 153 197
0311 376.0 178.0 158 222
0311 194.5 227.0 121 180
0240 142.0 163.0 136 252
0240 378.0 124.0 162 290
0317 396.5 163.5 177 241
0317 146.5 224.0 129 188
0312 380.5 174.0 157 228
0307 409.5 182.5 141 215
0264 47.0 103.5 224 215
0257 166.0 175.0 134 244
0257 317.0 214.5 116 191
0292 474.5 202.5 115 197
0292 62.0 241.5 84 151
0211 189.5 118.0 169 226
0218 409.5 133.5 183 273
0236 143.5 159.5 137 259
0236 378.0 144.0 170 276
0215 428.5 152.5 169 263
0284 462.0 154.0 168 246
0278 458.5 167.0 151 240
0324 370.5 203.0 179 212
0324 213.0 213.0 154 190
0326 315.5 183.0 225 236
0228 165.0 175.5 148 245
0323 235.5 187.5 171 225
0237 143.5 163.5 137 251
0217 415.0 138.5 194 273
0210 202.5 67.5 217 219
0256 162.0 166.0 132 248
0256 333.0 222.5 110 195
0260 234.0 138.0 242 280
0304 65.5 228.5 173 157
0304 434.0 213.5 166 179
0334 348.0 158.0 212 248
0334 164.0 210.0 148 198
0300 459.5 180.5 151 215
0259 74.5 160.0 157 256
0259 203.5 151.0 243 266
0244 150.0 160.0 134 254
0244 350.5 182.5 157 235
0222 99.5 193.5 173 221
0222 312.0 153.5 218 263
0219 409.5 135.0 185 274
0219 62.0 247.0 198 164
0303 446.5 174.0 151 226
0303 80.0 224.0 116 166
0328 340.0 174.0 180 250
0328 181.0 197.5 146 211
0223 117.0 183.0 172 234
0223 301.0 161.5 214 253
0212 188.0 180.0 156 240
0212 440.5 247.0 179 158
0296 443.0 179.0 144 216
0296 70.5 235.0 95 162
0242 144.5 162.0 133 254
0242 358.5 167.0 191 240
0298 460.0 198.0 148 202
0322 155.5 168.5 211 227
0332 357.0 159.0 186 244
0332 167.0 223.0 144 190
0268 34.5 133.0 183 198
0268 408.0 137.5 198 271
0338 329.0 129.5 184 287
0338 158.5 181.0 155 236
0226 159.0 177.0 144 242
0226 363.5 152.5 175 259
0247 149.5 162.5 133 251
0247 358.0 210.0 182 196
0214 419.0 162.5 198 255
0214 133.0 240.0 200 176
0280 453.0 166.0 160 244
0277 454.0 169.0 152 238
0316 388.5 165.0 183 244
0316 151.0 226.5 126 183
0267 402.5 129.5 201 289
0313 387.5 168.5 147 237
0279 455.0 168.0 156 242
0290 47.5 239.5 85 157
0290 477.0 179.5 144 219
0234 150.0 159.5 136 259
0234 359.5 181.5 193 241
0261 238.0 138.0 264 282
0261 61.0 146.5 192 197
0233 150.5 160.0 139 256
0233 361.5 178.5 185 245
0248 150.0 162.5 134 249
0248 308.5 196.0 221 216
0243 146.5 162.5 131 253
0243 348.5 197.5 159 217
0253 152.0 167.0 134 248
0253 353.0 198.5 190 213
0302 72.0 223.5 94 169
0302 473.5 179.0 149 216
0333 358.5 161.0 183 246
0333 162.5 220.0 151 192
0224 140.0 178.5 148 243
0224 337.5 157.5 175 255
0245 149.0 161.0 134 254
0245 355.0 190.0 160 224
0331 356.0 161.5 186 239
0252 150.0 166.5 136 249
0252 355.5 200.5 185 209
0288 483.5 172.0 137 228
0232 154.5 164.5 139 251
0232 368.5 133.0 181 284
0319 121.5 221.0 85 200
0319 377.5 143.0 191 268
0309 392.5 194.0 149 208
0309 221.5 228.0 115 158
0254 151.0 170.0 134 242
0254 336.0 195.0 170 226
0321 119.5 156.5 147 255
0321 360.0 153.5 182 257
0299 74.0 227.0 90 164
0325 361.0 187.0 182 230
0356 326.5 146.0 177 272
0356 207.5 159.5 123 257
0391 163.0 177.5 144 241
0391 335.5 147.0 193 278
0414 382.0 195.0 180 224
0414 65.0 256.0 188 142
0380 333.0 155.0 160 262
0404 170.0 161.5 130 253
0404 351.0 139.0 154 280
0357 330.0 147.5 174 273
0357 200.0 152.5 134 267
0355 323.5 143.5 179 275
0355 203.0 158.0 128 262
0370 285.5 144.0 193 276
0463 169.0 168.0 142 244
0463 328.0 136.0 178 284
0462 154.5 182.0 159 232
0462 324.5 135.0 183 282
0350 325.5 148.0 171 266
0350 191.5 145.0 137 276
0439 113.0 161.0 138 258
0434 79.0 163.5 152 249
0434 345.5 132.5 169 283
0465 268.0 130.0 202 286
0465 82.0 184.5 170 231
0354 329.0 143.5 176 273
0354 201.5 152.0 135 266
0358 204.0 152.0 130 270
0358 323.5 146.0 189 276
0365 316.5 144.0 189 274
0365 206.5 163.5 107 253
0362 316.0 142.5 196 275
0362 206.5 151.0 103 274
0389 161.0 181.0 140 236
0389 352.5 144.5 157 279
0456 159.5 168.5 155 245
0456 343.0 131.5 184 287
0449 187.0 175.0 158 230
0449 339.0 142.0 186 276
0435 92.5 163.5 137 253
0435 362.0 142.0 178 270
0450 157.0 186.5 192 233
0364 326.0 142.5 178 277
0364 209.5 159.5 101 261
0402 167.0 154.5 136 261
0402 338.0 122.5 182 297
0369 308.5 153.5 193 253
0373 314.5 167.5 185 237
0373 205.5 244.0 109 194
0348 181.0 143.5 158 275
0426 63.5 200.0 159 216
0428 93.0 180.5 160 241
0428 280.0 228.5 264 193
0445 133.5 187.0 233 228
0445 369.0 139.5 176 273
0446 152.5 188.5 231 229
0343 169.5 179.5 141 237
0406 174.5 166.5 131 243
0406 286.0 158.5 234 255
0400 167.0 160.5 134 255
0400 334.5 126.0 195 290
0339 177.5 165.0 145 250
0339 316.0 148.5 196 265
0377 313.0 160.5 182 251
0377 147.5 278.0 167 144
0385 164.5 168.5 129 245
0385 346.5 125.5 179 291
0387 165.0 167.0 128 248
0387 346.0 119.0 168 300
0349 188.5 154.0 137 266
0349 311.0 141.5 190 271
0393 167.5 180.0 141 238
0393 347.0 142.0 174 280
0416 88.5 240.0 159 166
0442 119.0 172.5 142 251
0442 359.5 119.0 191 300
0470 270.5 180.5 267 247
0470 73.5 160.0 167 254
0410 273.0 185.5 208 233
0415 53.5 238.0 195 174
0443 137.0 170.5 134 241
0443 331.0 118.5 202 299
0392 164.5 179.5 141 239
0392 339.5 149.5 177 273
0447 178.5 179.0 185 242
0447 367.5 154.5 171 255
0453 179.5 161.0 159 250
0390 161.5 179.0 145 240
0390 343.5 152.5 169 269
0371 290.5 151.0 185 264
0459 151.5 163.5 153 253
0459 347.0 141.5 214 267
0468 323.0 122.5 178 297
0468 40.0 188.5 174 231
0379 318.0 160.0 176 256
0378 321.5 157.0 167 258
0378 137.5 284.0 185 140
0408 188.5 163.0 145 252
0433 74.5 165.0 159 246
0433 332.5 135.0 169 278
0431 147.0 164.5 152 249
0431 317.5 211.0 165 202
0347 187.5 161.0 153 250
0347 315.0 153.5 178 259
0353 329.0 145.5 172 271
0353 203.0 142.5 134 277
0352 319.5 142.5 183 275
0352 198.5 152.0 131 268
0346 199.0 159.0 144 256
0345 191.0 164.5 162 251
0464 275.5 113.5 211 305
0464 72.0 190.0 170 222
0412 219.0 262.5 320 163
0466 302.5 140.5 167 281
0466 98.0 179.0 176 240
0366 319.0 139.0 186 278
0366 209.5 185.5 101 227
0460 147.0 165.5 154 249
0460 331.0 130.0 206 288
0436 94.5 150.0 149 266
0436 372.0 121.5 178 295
0342 168.5 164.0 135 250
0451 195.5 170.0 149 238
0440 111.5 177.0 143 244
0461 149.0 169.5 150 243
0461 337.0 126.0 194 294
0360 209.5 146.5 103 285
0360 320.5 147.0 195 272
0448 193.0 181.0 158 236
0448 358.0 137.5 188 273
0368 316.5 149.0 185 262
0368 212.0 194.5 102 219
0438 102.0 156.5 144 265
0419 154.0 214.0 106 204
0419 356.0 148.5 208 261
0444 128.0 170.5 178 241
0444 334.0 124.5 204 287
0376 327.0 165.0 160 240
0403 168.0 156.0 132 258
0403 345.5 129.0 167 292
0430 128.5 166.5 149 247
0430 306.0 214.0 196 206
0340 183.0 164.0 138 252
0340 301.5 136.5 223 285
0454 174.0 166.0 158 242
0454 307.0 129.5 240 297
0413 381.5 195.0 171 230
0405 166.5 156.5 135 259
0405 324.5 138.5 191 283
0374 321.0 168.0 170 236
0399 170.0 160.0 130 258
0399 338.5 137.0 191 280
0359 202.0 149.0 124 274
0359 332.0 145.5 174 275
0458 350.5 151.0 203 260
0458 154.5 161.0 151 254
0429 113.0 164.0 154 250
0429 290.0 222.5 232 201
0395 166.0 177.5 140 243
0395 340.0 128.0 186 288
0388 162.0 180.0 136 238
0388 340.5 128.5 173 297
0401 164.5 160.5 137 255
0401 331.0 119.0 198 300
0384 167.0 164.5 126 253
0384 340.0 136.0 188 280
0361 206.0 146.5 106 283
0361 326.5 140.5 185 279
0398 171.5 166.0 129 250
0398 346.0 141.0 178 276
0381 321.5 155.5 171 257
0455 165.5 162.5 151 253
0455 317.0 124.5 218 295
0467 37.5 193.5 181 223
0467 334.5 134.0 161 284
0367 210.0 187.0 104 224
0367 311.5 142.5 191 269
0418 144.0 220.0 116 192
0418 356.0 157.0 212 258
0383 331.5 160.0 163 248
0372 311.0 167.0 182 242
0397 169.5 162.5 133 255
0397 339.0 140.5 184 273
0417 132.5 222.5 119 187
0417 355.5 166.5 215 235
0425 117.5 194.0 177 218
0425 335.5 200.0 151 218
0411 301.5 217.5 215 193
0351 321.5 140.5 175 279
0351 203.5 145.5 131 273
0427 229.5 194.0 307 236
0427 77.0 179.0 160 244
0423 296.0 129.0 230 286
0423 137.5 174.5 149 235
0396 170.5 167.0 133 248
0396 346.0 134.0 178 280
0421 132.0 217.5 150 193
0421 351.0 135.0 208 282
0409 208.0 168.5 134 241
0363 316.0 148.0 196 268
0363 206.0 165.0 104 246
0420 159.0 202.0 106 218
0420 346.0 144.5 224 265
0382 318.5 156.5 177 253
0424 152.0 170.0 144 240
0424 288.0 124.0 194 296
0341 170.0 163.0 134 252
0344 182.5 167.5 167 247
0457 158.0 169.5 156 243
0457 342.0 132.5 182 293
0407 286.5 138.0 227 280
0407 177.0 164.5 124 245
0386 164.0 168.0 128 246
0386 336.0 120.5 194 299
0441 118.5 158.0 133 264
0437 97.0 155.5 150 265
0437 379.5 129.5 185 291
0452 191.0 160.0 154 242
0375 319.0 171.0 170 232
0375 160.0 227.0 156 194
0422 123.0 213.5 162 193
0422 304.0 156.0 254 258
0469 294.0 145.0 230 278
0469 64.5 168.0 175 240
0432 98.0 185.0 160 232
0432 321.5 134.0 169 282
0394 165.5 180.5 143 237
0394 343.5 128.0 179 288
0530 278.5 150.0 191 310
0494 236.0 214.0 168 202
0490 135.0 171.0 150 256
0490 327.0 144.5 190 273
0531 280.0 161.0 174 296
0557 435.0 170.0 134 236
0541 344.0 137.0 156 290
0569 346.0 198.5 116 209
0477 74.5 162.5 161 245
0477 354.0 142.0 192 268
0511 190.5 80.0 157 344
0479 83.5 164.0 155 248
0479 368.0 133.5 186 279
0500 339.0 145.5 144 283
0536 344.0 143.5 128 271
0502 305.0 158.5 166 293
0532 282.5 165.0 169 286
0533 302.0 147.5 146 277
0484 111.5 165.0 133 252
0484 409.0 137.0 190 274
0491 328.0 138.5 180 279
0491 130.0 166.0 152 268
0499 344.0 152.0 140 270
0515 265.0 112.0 234 328
0483 101.0 162.5 138 257
0483 410.0 143.0 184 262
0555 432.0 146.5 88 275
0555 25.5 331.5 203 125
0579 335.5 167.5 161 245
0579 179.5 119.0 167 302
0513 307.5 150.5 187 273
0521 162.5 31.5 231 341
0508 208.5 152.5 205 271
0563 374.0 160.0 108 246
0563 15.5 223.5 237 243
0564 336.5 164.5 103 229
0564 88.0 199.5 194 253
0520 191.0 136.5 170 299
0485 109.0 176.0 140 246
0485 408.0 133.5 198 277
0506 230.5 137.5 167 283
0534 321.0 150.5 132 273
0560 432.5 167.5 157 237
0550 273.5 204.5 183 215
0578 349.0 178.5 150 245
0578 179.0 145.0 166 274
0522 149.5 27.5 255 359
0488 327.5 161.0 247 240
0488 125.5 158.5 131 261
0558 439.0 172.5 140 235
0558 1.5 253.5 107 175
0495 292.0 139.0 168 284
0568 344.0 161.0 114 238
0542 334.0 147.5 160 273
0542 186.0 349.0 160 124
0562 426.5 171.0 141 224
0519 191.5 198.0 283 240
0580 286.5 161.5 185 243
0567 304.5 165.0 139 250
0574 329.5 212.0 149 222
0574 151.5 184.5 165 239
0554 421.0 178.0 102 244
0493 208.5 205.0 153 222
0475 84.5 165.5 157 247
0475 328.5 133.0 179 278
0575 148.5 177.5 173 245
0575 341.5 193.0 151 234
0528 304.0 157.5 192 263
0548 233.5 190.5 167 243
0497 281.0 135.5 176 277
0570 234.0 170.5 158 267
0510 306.0 154.0 98 270
0573 325.5 210.0 153 218
0573 143.5 188.0 167 236
0572 150.5 191.5 161 225
0572 303.5 212.0 151 216
0572 277.5 235.5 47 93
0505 303.0 175.5 160 255
0512 279.5 142.0 153 286
0586 263.0 181.5 198 247
0586 98.5 190.0 161 230
0545 250.5 163.5 201 229
0535 330.0 148.5 140 257
0501 316.0 151.0 182 272
0588 280.5 175.5 203 253
0587 267.0 183.0 206 244
0587 126.5 233.0 175 182
0478 79.0 162.5 158 251
0478 365.5 146.0 185 266
0583 172.0 175.5 216 247
0473 148.0 165.5 144 251
0473 314.0 196.0 180 220
0556 434.5 153.0 103 264
0482 94.0 162.5 150 257
0482 405.0 148.5 186 257
0492 307.5 132.5 197 279
0492 172.5 202.0 121 236
0577 348.0 184.5 150 235
0577 175.0 159.0 168 264
0498 337.0 181.0 154 244
0553 394.0 167.5 120 241
0553 146.0 304.0 76 114
0489 132.5 162.5 147 255
0489 325.5 131.0 217 284
0529 285.0 146.5 194 309
0576 342.0 181.0 140 246
0576 159.0 171.0 162 256
0571 259.5 135.0 193 290
0514 244.5 110.5 243 329
0539 345.0 136.5 166 285
0539 288.0 356.0 80 116
0507 311.5 170.0 101 258
0474 167.5 168.5 135 245
0474 326.5 147.5 169 265
0543 336.5 153.0 151 264
0584 172.5 182.5 199 247
0476 72.0 168.0 160 240
0476 339.0 140.5 184 269
0487 343.0 134.5 242 279
0487 120.5 162.5 133 257
0547 278.5 158.5 101 287
0509 210.5 158.5 199 283
0503 291.5 122.0 91 260
0546 256.5 134.5 141 289
0496 284.5 148.0 163 262
0471 95.5 161.5 161 259
0551 317.5 197.0 165 218
0537 340.0 136.5 168 273
0549 271.5 195.0 169 224
0565 319.0 152.0 128 252
0538 348.0 139.0 170 274
0523 206.0 101.5 242 289
0566 280.0 157.5 164 247
0585 251.0 147.0 200 272
0552 342.0 187.0 154 230
0582 172.0 156.5 208 255
0480 80.5 158.5 163 257
0480 378.5 133.0 177 280
0544 295.5 156.5 161 267
0516 244.5 167.5 261 271
0486 112.0 172.5 140 251
0486 397.0 142.0 204 264
0481 90.0 159.0 156 256
0481 401.0 135.0 158 282
0581 175.5 160.0 211 256
0559 435.0 170.5 150 235
0559 35.0 267.0 158 156
0540 334.0 137.0 172 286
0540 195.5 342.5 113 119
0561 441.0 175.5 138 225
0589 314.0 186.0 186 234
0472 118.0 179.5 164 239
0472 310.0 222.5 198 191
0615 262.0 181.5 104 235
0615 371.0 197.5 164 209
0612 318.5 135.0 125 278
0719 454.0 155.5 160 261
0719 21.0 269.0 168 140
0627 376.0 144.5 172 277
0627 147.0 260.5 242 161
0661 196.5 161.0 141 252
0679 136.0 189.5 136 233
0679 388.5 169.5 175 243
0607 234.0 143.5 200 281
0724 465.0 165.5 140 245
0634 160.0 205.0 232 216
0634 378.0 42.5 194 243
0600 137.5 195.5 145 231
0600 407.5 155.5 133 265
0654 238.5 199.0 103 202
0654 426.0 272.5 150 149
0722 459.5 155.5 149 253
0624 365.0 216.0 170 204
0624 137.5 278.0 245 148
0645 196.5 214.5 81 209
0645 425.5 75.0 181 184
0689 169.5 171.5 143 257
0689 306.0 132.0 200 288
0708 366.5 146.0 211 276
0599 406.0 162.5 132 253
0599 151.0 196.5 148 233
0637 153.0 215.0 194 200
0693 208.0 162.0 132 254
0693 317.0 263.0 166 160
0651 239.0 213.0 130 196
0717 -4.5 203.5 193 173
0717 457.0 149.5 156 269
0711 22.5 136.0 211 180
0711 394.0 157.0 208 254
0601 392.5 159.5 147 255
0601 128.5 194.5 157 229
0682 90.5 199.5 157 219
0682 397.0 142.5 178 269
0605 180.5 66.5 161 347
0605 313.0 165.0 138 244
0663 167.5 171.5 145 241
0706 77.5 142.5 169 189
0706 342.5 134.5 233 289
0655 246.0 149.0 138 262
0655 402.0 259.5 110 169
0673 388.0 171.5 156 237
0673 175.5 186.0 175 234
0653 234.5 141.5 109 289
0709 363.5 142.0 237 278
0694 195.0 165.5 142 245
0694 317.0 188.0 132 242
0620 200.5 179.5 129 237
0692 205.5 166.0 133 244
0692 308.0 154.0 210 264
0716 443.5 151.5 171 265
0716 8.0 195.5 190 173
0595 407.5 151.5 105 273
0595 130.5 232.5 165 187
0699 107.0 193.5 156 189
0658 259.5 138.0 145 280
0621 199.5 180.5 133 235
0621 371.5 240.5 171 161
0695 189.5 168.5 139 239
0727 470.0 164.0 134 244
0652 226.5 177.5 125 241
0703 93.0 140.5 142 221
0703 298.0 152.5 258 265
0619 201.5 188.0 135 228
0701 98.5 181.5 183 171
0701 287.0 157.0 246 254
0610 258.5 208.5 157 207
0678 135.0 195.0 138 232
0678 386.5 185.0 175 226
0631 397.5 122.5 169 297
0650 239.5 150.5 135 253
0638 156.0 216.5 172 195
0617 215.0 171.5 138 233
0604 164.0 123.0 174 292
0604 339.5 180.0 95 220
0639 161.5 214.0 161 196
0675 398.5 187.0 163 222
0675 162.0 179.0 128 250
0681 78.5 194.5 169 229
0681 389.5 151.0 177 266
0597 404.5 164.0 123 248
0597 129.0 226.5 168 195
0618 204.5 183.0 137 232
0592 370.5 178.0 129 242
0592 144.0 239.0 158 168
0590 328.5 172.5 169 253
0712 391.5 149.5 221 267
0712 25.5 132.5 181 193
0704 78.5 147.5 167 195
0704 311.0 140.5 240 279
0626 160.0 262.0 220 164
0626 366.5 187.5 175 227
0603 357.5 166.0 135 246
0603 122.0 185.5 178 237
0720 460.0 154.0 150 260
0720 13.5 302.5 187 109
0649 191.5 136.0 185 272
0702 99.5 178.5 167 177
0702 293.0 154.0 244 260
0672 308.5 137.5 229 273
0672 233.5 209.0 111 188
0611 335.0 42.0 154 200
0611 273.5 201.5 149 209
0671 353.5 140.0 201 272
0671 227.0 178.5 150 221
0606 225.5 147.5 207 261
0697 207.0 168.5 134 245
0602 350.5 157.0 171 252
0602 116.5 171.0 183 254
0718 -6.0 222.0 186 190
0718 453.0 154.5 158 263
0700 103.5 182.5 173 185
0700 280.5 161.0 247 248
0683 380.5 125.5 191 285
0683 95.0 176.0 160 250
0691 305.5 136.0 211 282
0691 193.0 168.0 148 244
0688 162.5 170.0 143 242
0688 300.0 194.5 210 227
0666 120.0 164.5 164 251
0666 478.5 208.5 149 231
0685 120.0 174.0 144 250
0685 337.0 166.5 168 239
0664 137.5 165.0 163 250
0690 187.0 164.5 148 251
0690 311.5 152.5 207 249
0674 395.0 174.5 164 235
0674 169.0 186.0 136 232
0593 380.0 174.0 114 246
0613 277.5 195.0 109 214
0613 365.5 111.5 177 255
0723 467.5 160.0 137 248
0725 467.5 161.0 137 248
0623 160.5 250.5 203 171
0623 363.5 228.5 177 183
0710 375.0 139.5 218 289
0710 27.0 117.0 214 192
0705 82.5 149.5 165 187
0705 340.0 140.0 226 278
0598 144.0 206.0 148 214
0598 407.5 162.0 129 252
0684 340.0 143.5 228 273
0684 104.0 172.0 156 256
0616 254.0 157.5 96 267
0616 358.5 223.0 197 188
0659 250.5 134.0 141 278
0659 386.0 271.5 156 143
0644 202.5 204.5 105 209
0665 130.0 167.0 158 246
0670 201.0 175.5 142 229
0670 382.0 138.0 182 270
0622 192.5 212.5 145 201
0622 330.0 234.5 210 183
0686 126.0 173.0 154 254
0686 327.0 177.0 156 248
0641 191.5 215.0 139 200
0668 130.5 152.5 177 263
0668 420.0 164.0 168 246
0669 175.0 154.0 164 256
0669 409.5 154.0 181 252
0608 227.0 154.5 204 259
0648 174.5 143.5 187 253
0648 328.0 266.5 296 159
0643 193.0 207.5 138 207
0630 402.5 127.0 191 280
0630 255.5 296.5 149 119
0667 122.0 168.5 162 245
0667 459.5 188.5 145 247
0714 413.5 145.5 203 269
0714 10.5 149.5 193 203
0696 188.0 163.0 140 250
0633 176.0 207.0 224 214
0636 150.5 209.0 203 204
0660 356.5 249.0 213 194
0660 221.5 160.0 167 250
0647 184.5 180.5 113 245
0715 439.0 147.5 176 269
0715 7.5 186.5 199 175
0635 151.0 205.5 212 209
0609 243.0 202.5 178 207
0640 170.5 213.5 159 199
0676 394.0 191.0 166 216
0676 157.5 188.5 151 235
0726 471.0 164.5 132 243
0680 80.0 195.0 186 224
0680 396.0 154.5 166 261
0632 403.5 137.5 147 277
0632 198.0 230.5 212 189
0713 403.5 140.0 213 278
0713 13.5 149.0 189 198
0596 410.0 152.0 102 276
0596 133.5 233.0 169 188
0591 362.5 182.0 137 232
0698 129.5 195.5 153 215
0629 401.0 133.0 194 270
0629 135.5 279.5 141 153
0614 275.5 172.5 105 249
0614 371.0 132.0 180 268
0677 388.5 193.0 177 212
0677 142.0 188.0 136 234
0662 185.0 166.5 148 245
0625 149.5 266.5 239 165
0625 361.0 201.0 178 212
0687 147.5 170.5 157 259
0687 283.5 202.0 199 214
0657 267.0 116.5 128 323
0642 208.5 212.5 101 193
0721 457.5 155.0 155 258
0594 403.0 158.0 112 266
0594 129.5 234.0 161 184
0646 181.5 214.5 95 207
0656 266.0 147.0 122 254
0656 403.0 254.0 148 166
0628 379.5 130.5 185 285
0628 141.5 263.0 269 162
0729 469.5 170.5 135 237
0728 468.5 170.5 161 233
0730 469.0 164.0 132 244
0732 477.5 173.5 111 235
0731 471.0 169.0 154 236
