0581 175.0 144.5 298 279
0351 93.0 150.5 176 265
0351 348.5 126.5 203 291
0524 127.5 150.5 179 267
0524 329.0 196.5 148 225
0293 321.0 133.5 188 291
0354 247.5 114.0 265 304
0521 303.5 146.5 257 285
0521 98.0 134.0 164 286
0259 263.5 156.0 225 268
0085 365.0 192.0 212 230
0531 141.5 135.5 161 295
0103 136.0 142.5 168 283
0103 353.5 144.0 163 280
0493 84.0 167.0 182 262
0050 250.0 184.5 252 241
0050 71.5 201.0 171 214
0069 404.5 146.5 207 275
0069 93.5 142.5 147 279
0206 290.0 197.0 222 216
0477 81.0 159.5 288 259
0548 351.5 151.5 201 271
0557 78.5 168.0 183 262
0557 368.5 151.0 187 274
0134 316.5 143.5 185 277
0134 72.0 153.5 178 271
0508 129.0 142.0 210 286
0387 391.0 244.5 168 167
0387 212.5 92.0 197 236
0504 405.5 149.0 205 276
0504 93.0 199.0 238 226
0522 109.5 141.5 153 277
0522 295.5 147.5 251 273
0063 83.0 183.5 176 233
0034 112.0 144.0 200 280
0034 315.0 212.0 176 206
0256 278.5 135.5 201 289
0027 116.0 143.5 192 281
0027 339.0 217.5 156 207
0024 97.0 139.5 178 285
0024 339.5 154.5 221 267
0471 67.5 176.0 213 250
0169 139.5 161.5 171 233
0169 360.5 28.5 209 251
0404 141.5 145.0 255 278
0321 127.0 191.0 178 236
0245 223.5 147.5 277 273
0575 287.5 150.0 235 268
0061 83.0 190.5 160 229
0561 99.0 193.5 148 229
0561 324.0 175.5 198 253
0173 356.0 125.0 242 218
0173 98.5 149.5 165 273
0203 107.5 162.5 203 253
0604 107.0 144.0 190 278
0604 382.0 204.0 152 216
0174 66.5 147.0 143 276
0174 362.0 166.0 276 202
0046 311.5 64.5 175 363
0046 115.5 145.5 189 271
0261 230.5 142.5 267 279
0402 137.0 161.5 168 253
0044 91.0 157.0 166 262
0044 369.0 222.0 106 192
0192 481.5 184.5 153 233
0192 41.5 145.0 185 284
0472 269.5 133.5 229 289
0472 61.0 177.5 238 247
0379 158.5 130.5 189 285
0586 233.5 154.0 197 270
0586 103.0 163.5 158 273
0519 84.0 148.0 282 270
0519 386.0 128.0 156 304
0372 129.0 180.0 162 236
0342 98.0 145.0 174 274
0342 432.5 151.5 167 303
0094 59.5 145.5 227 277
0094 388.0 131.0 186 296
0560 161.0 193.0 144 230
0560 313.5 179.5 199 245
0113 96.5 180.5 169 241
0277 219.5 193.5 277 231
0348 68.0 150.5 176 263
0348 332.5 151.5 267 257
0339 81.5 167.5 215 243
0225 321.5 203.0 285 228
0165 312.0 61.5 212 255
0080 297.5 196.0 257 228
0194 37.5 155.5 169 267
0194 484.5 162.5 137 249
0216 141.5 45.0 225 246
0216 328.5 149.5 151 277
0025 311.5 146.0 243 286
0025 95.5 135.5 181 283
0464 364.0 136.5 190 287
0464 97.0 140.5 178 283
0513 159.0 141.5 224 267
0513 369.0 150.0 178 278
0218 242.0 144.5 268 271
0385 454.0 213.0 140 220
0102 132.5 144.5 179 277
0102 350.0 160.0 206 254
0349 67.5 149.0 177 262
0349 343.0 152.5 234 255
0127 127.0 155.0 172 264
0300 251.5 221.5 309 207
0185 75.0 146.5 216 285
0298 234.0 213.5 284 223
0110 154.0 143.5 334 285
0400 183.5 127.5 261 293
0076 372.5 138.5 215 289
0541 86.5 193.0 169 224
0541 275.5 188.0 213 238
0537 344.5 117.5 143 299
0537 104.0 154.0 160 270
0056 59.5 196.0 151 226
0056 316.5 186.0 185 238
0124 226.0 181.0 302 250
0263 270.5 251.0 233 178
0315 362.0 132.5 136 307
0315 190.5 219.0 121 206
0055 131.5 182.5 169 239
0055 304.0 209.0 200 208
0175 33.0 148.5 180 267
0175 358.0 271.5 280 157
0486 113.5 152.5 187 265
0486 291.0 69.5 184 359
0172 102.0 150.5 204 271
0257 247.5 137.0 213 286
0052 281.5 211.0 261 204
0052 91.0 192.0 150 230
0145 129.0 186.0 190 230
0145 335.0 130.0 168 292
0230 321.5 194.0 207 230
0132 137.5 144.5 185 283
0132 301.5 200.0 191 214
0071 411.0 139.5 200 281
0071 67.5 70.0 195 266
0566 350.0 190.0 206 232
0516 382.0 147.0 170 280
0516 112.0 146.5 194 271
0571 318.0 138.5 216 285
0571 110.5 145.0 209 280
0242 157.5 139.0 137 278
0073 406.0 135.0 204 282
0600 111.5 153.5 187 269
0600 342.0 148.5 170 271
0361 262.5 31.5 193 193
0361 178.5 164.0 161 248
0596 172.0 153.5 180 273
0596 336.0 202.5 146 215
0505 395.5 153.5 211 267
0167 343.5 32.0 223 248
0552 83.5 176.5 165 251
0148 262.0 121.5 234 307
0166 320.0 30.0 268 252
0515 360.0 150.5 214 279
0515 123.5 140.0 199 274
0129 135.5 148.0 171 278
0572 307.5 197.5 203 223
0572 116.5 144.5 195 279
0492 87.5 189.0 165 234
0142 105.5 147.5 197 275
0142 331.0 171.5 202 263
0606 109.0 149.5 196 269
0606 361.0 157.5 176 259
0540 136.5 152.0 155 266
0138 100.0 155.0 222 264
0138 365.0 139.0 170 276
0161 255.0 23.5 236 369
0136 97.5 151.0 221 272
0136 363.5 133.5 169 283
0489 312.0 194.0 234 224
0489 80.5 189.5 167 227
0193 43.0 146.0 170 286
0193 490.5 173.0 139 256
0304 229.5 139.5 173 281
0060 84.0 190.0 164 230
0100 118.0 145.0 176 272
0100 318.5 160.5 205 259
0550 83.0 180.5 160 251
0312 166.5 199.5 145 215
0312 319.0 76.5 180 247
0202 268.5 224.5 213 197
0202 101.5 157.0 151 262
0331 140.5 161.5 163 273
0331 271.5 263.5 275 181
0389 374.0 185.0 166 230
0389 211.0 162.0 184 244
0210 306.5 164.0 207 250
0162 236.5 39.0 249 314
0120 106.5 147.5 209 271
0251 316.0 160.0 182 256
0241 94.5 147.0 239 272
0241 328.0 140.0 192 280
0183 64.0 150.0 222 276
0183 365.5 231.0 227 174
0369 143.0 185.0 152 226
0087 350.0 199.5 246 219
0087 102.5 184.0 139 234
0314 358.5 105.5 133 323
0314 183.0 210.0 118 218
0615 250.0 189.5 264 235
0595 159.0 143.5 156 285
0309 189.0 226.0 166 188
0276 191.5 191.5 275 235
0048 135.0 131.5 162 287
0048 263.5 113.0 189 308
0285 353.0 152.5 200 269
0190 65.0 142.5 180 285
0544 299.0 264.5 232 159
0272 272.5 63.5 213 363
0370 140.5 161.5 155 255
0171 117.5 157.5 181 265
0171 356.5 78.0 237 222
0605 107.5 148.5 191 271
0605 359.5 146.5 181 273
0223 310.5 204.5 287 229
0196 38.0 153.0 164 272
0196 445.0 160.5 176 257
0487 102.5 199.0 169 216
0487 295.5 271.0 181 142
0139 107.0 149.0 206 268
0139 370.0 137.0 166 282
0115 110.0 170.5 196 257
0115 347.5 144.0 163 284
0406 286.5 215.5 173 195
0306 196.0 190.5 136 225
0564 108.5 189.5 151 241
0200 310.5 169.0 251 240
0200 69.0 157.5 172 265
0367 283.5 49.0 261 188
0478 101.0 166.5 352 265
0107 332.0 131.0 178 300
0107 131.5 140.0 177 280
0535 324.0 143.0 172 276
0535 80.0 157.5 170 267
0476 290.0 258.0 236 164
0476 67.0 175.5 198 249
0546 318.5 155.0 181 270
0546 65.0 192.0 188 232
0474 333.5 197.0 143 222
0170 128.0 153.5 168 271
0170 349.5 49.5 239 215
0045 101.0 155.5 158 267
0539 133.0 153.0 158 268
0539 257.0 129.0 244 288
0059 77.5 199.0 165 220
0106 128.0 136.5 186 283
0106 356.0 141.5 196 279
0497 83.5 147.0 173 280
0067 82.0 154.0 176 268
0283 337.5 178.0 189 246
0220 250.0 207.5 232 207
0384 442.0 194.5 182 247
0140 100.5 150.0 231 274
0140 374.0 129.0 160 292
0197 36.0 167.5 172 261
0197 433.5 159.5 185 259
0328 141.0 155.0 168 264
0462 95.0 138.0 188 282
0462 368.5 128.5 189 297
0126 120.5 154.0 181 262
0503 410.0 151.0 190 268
0503 96.5 194.5 229 225
0028 293.0 139.0 222 280
0028 84.0 168.0 250 264
0208 302.5 161.0 221 254
0363 281.5 35.0 177 198
0363 181.5 182.5 145 231
0237 340.5 218.5 227 201
0237 76.5 156.0 275 262
0340 450.5 246.0 191 196
0311 166.0 220.0 144 194
0311 301.0 95.5 196 207
0614 240.5 193.0 281 238
0562 313.5 177.0 215 250
0562 95.0 194.5 150 227
0502 107.5 191.0 195 228
0602 93.5 146.0 193 280
0602 370.0 144.0 160 280
0393 343.5 147.5 165 275
0121 102.0 156.5 212 263
0358 169.0 226.0 126 188
0563 294.5 177.0 251 252
0563 95.0 191.0 146 232
0291 301.0 144.5 254 275
0038 289.0 267.0 226 164
0038 137.5 145.5 173 279
0469 118.0 137.5 200 287
0041 337.0 210.5 146 205
0041 87.0 157.5 258 261
0118 106.0 150.5 208 269
0068 92.0 186.5 178 229
0068 402.0 148.5 212 275
0214 330.0 152.0 158 268
0388 209.0 129.5 192 237
0388 376.5 211.0 185 208
0286 358.5 156.5 181 265
0088 346.0 198.0 264 222
0198 45.0 151.5 164 277
0198 364.5 163.5 237 241
0391 362.0 155.0 142 268
0543 96.5 193.5 157 233
0543 293.0 182.5 248 243
0040 151.5 143.0 207 282
0302 280.5 205.0 195 216
0326 130.5 154.0 175 264
0352 354.5 202.5 153 221
0271 336.5 213.0 147 204
0212 330.0 156.0 168 262
0143 107.5 153.0 197 266
0143 342.5 185.5 177 245
0141 102.0 153.5 210 271
0141 361.0 155.0 178 258
0323 127.5 143.5 187 285
0495 84.5 149.0 171 280
0495 397.5 126.5 165 295
0209 300.0 161.5 220 253
0235 78.5 177.5 171 245
0545 125.5 183.5 169 239
0248 277.5 154.5 261 261
0533 150.0 140.5 166 287
0533 324.5 151.5 161 263
0616 280.0 182.5 204 243
0616 142.0 150.0 160 276
0187 73.0 180.5 212 241
0252 316.0 155.0 180 266
0491 89.5 182.0 165 240
0491 347.5 197.5 219 223
0247 279.0 262.5 256 159
0294 329.0 131.5 176 303
0101 127.5 146.5 177 273
0101 338.0 155.0 184 268
0611 87.0 160.0 162 278
0611 321.5 121.0 179 300
0092 65.5 146.5 211 275
0092 406.0 139.0 190 282
0308 195.0 211.5 142 199
0308 299.5 132.0 207 292
0366 160.0 198.0 148 216
0468 106.0 145.0 200 276
0160 203.0 170.5 198 209
0160 313.5 52.5 175 161
0498 79.5 146.0 175 278
0498 394.5 146.0 209 272
0112 319.0 179.0 180 242
0037 134.0 146.0 164 280
0509 128.0 169.0 256 264
0509 366.5 144.5 195 279
0597 95.0 175.0 172 254
0514 356.5 151.5 227 275
0514 123.5 148.5 203 261
0528 109.0 141.0 210 284
0234 74.5 183.0 173 238
0534 143.5 155.5 241 263
0128 134.0 147.5 170 279
0128 302.0 182.5 208 245
0229 327.5 195.0 189 230
0518 94.5 143.0 165 280
0518 383.0 146.0 160 280
0301 247.5 217.5 249 209
0086 362.5 188.0 223 238
0086 113.0 187.5 136 227
0029 50.0 185.0 244 238
0346 56.5 152.0 167 268
0346 387.0 142.0 230 278
0078 366.0 176.5 196 249
0097 293.0 176.5 266 247
0097 93.0 146.5 176 273
0207 300.5 161.0 215 254
0327 138.0 155.0 174 268
0397 254.5 146.5 233 281
0488 295.5 188.5 221 237
0488 66.5 190.0 181 230
0507 139.5 168.0 257 266
0310 185.0 230.0 154 186
0324 131.5 142.5 185 287
0023 370.0 130.5 178 291
0023 96.5 137.0 177 284
0332 141.5 152.0 157 274
0332 318.5 274.0 277 162
0114 346.5 149.5 157 273
0114 101.5 177.0 213 244
0082 409.5 209.5 189 211
0077 375.0 145.0 186 282
0099 116.0 148.0 180 274
0099 333.0 185.0 190 236
0353 144.0 215.5 234 197
0499 82.0 153.5 190 275
0499 398.0 149.0 210 276
0164 357.5 69.5 211 269
0399 280.0 133.0 156 288
0553 83.5 166.0 165 266
0111 74.5 179.0 189 248
0239 355.0 155.5 198 269
0239 88.0 150.5 238 265
0570 345.5 127.0 179 298
0570 103.0 152.5 218 269
0064 83.0 176.0 170 246
0064 399.5 133.5 199 287
0357 165.5 184.5 205 233
0376 116.5 168.0 183 238
0395 259.5 154.0 251 264
0322 128.0 169.0 176 262
0117 104.5 166.5 209 265
0603 108.5 148.0 189 272
0603 368.5 131.0 169 292
0098 104.5 144.0 201 276
0098 305.0 171.0 236 258
0345 67.0 143.0 176 270
0345 425.5 134.0 193 298
0049 136.5 139.5 157 281
0049 272.5 203.5 205 217
0054 119.5 186.0 191 238
0054 318.0 283.0 206 130
0176 27.5 141.5 175 275
0224 303.0 194.0 250 240
0264 240.5 162.5 251 245
0091 415.0 148.0 178 274
0091 71.5 146.5 209 279
0090 400.0 151.0 206 272
0090 85.5 151.0 183 268
0168 339.0 19.0 234 248
0168 163.5 153.5 149 231
0473 270.0 143.0 198 288
0075 391.5 136.0 219 282
0585 91.0 129.5 360 311
0523 113.5 150.0 189 270
0523 317.5 205.5 205 219
0189 85.0 133.5 192 293
0527 88.5 170.5 161 259
0527 293.0 144.0 168 288
0381 315.0 204.5 230 201
0381 199.0 43.0 168 254
0292 319.0 134.5 230 287
0392 352.0 152.5 154 271
0137 94.0 148.5 170 275
0137 363.0 142.0 172 268
0307 255.0 133.5 234 291
0195 41.0 154.5 160 271
0195 478.5 158.5 141 255
0051 295.5 207.0 225 210
0051 76.5 200.0 167 218
0336 468.5 166.0 171 292
0336 137.5 153.0 157 264
0290 320.0 154.5 226 271
0254 324.0 155.5 150 261
0373 127.0 186.0 176 228
0258 256.5 200.5 205 217
0496 86.0 152.5 164 271
0496 394.5 118.5 163 311
0530 259.0 188.0 250 238
0500 397.5 152.0 207 272
0365 166.0 198.0 142 210
0365 332.5 44.5 111 193
0053 118.5 190.0 177 226
0053 284.5 199.5 257 215
0084 360.0 204.0 222 216
0490 89.0 188.5 158 233
0490 348.0 188.5 214 231
0262 217.0 137.5 296 277
0043 84.5 161.5 175 255
0360 269.5 25.0 187 200
0360 180.5 178.0 161 240
0401 175.5 118.5 283 299
0355 156.0 132.0 338 290
0341 92.0 153.5 188 265
0341 418.0 203.5 202 237
0316 192.0 232.5 118 187
0316 359.0 177.5 140 265
0205 186.5 155.5 285 259
0405 142.5 146.5 155 275
0405 285.5 156.5 153 267
0589 66.0 168.5 190 265
0589 278.5 113.5 205 307
0305 260.5 126.5 237 299
0481 66.5 159.5 179 249
0481 335.5 138.0 155 288
0146 333.5 126.0 175 304
0146 156.5 212.0 199 198
0033 326.0 151.5 156 269
0033 102.5 150.5 219 275
0320 141.0 213.0 284 216
0334 328.5 207.0 293 232
0334 139.0 152.0 162 272
0070 409.0 141.5 200 283
0070 67.0 92.5 196 269
0362 277.5 33.5 181 197
0362 172.0 192.5 166 219
0329 143.5 171.0 163 256
0559 351.5 179.0 201 240
0559 94.0 184.5 250 235
0576 222.0 149.5 292 271
0177 26.5 146.5 183 273
0287 358.5 148.0 185 280
0465 95.5 138.0 183 282
0465 371.0 132.5 180 289
0371 189.5 201.0 357 200
0601 106.0 147.5 168 279
0601 378.5 204.5 143 217
0030 294.0 151.0 212 260
0030 55.5 178.5 239 251
0554 78.0 148.5 196 281
0554 388.0 119.5 184 301
0568 350.0 166.0 208 270
0403 132.0 135.0 286 288
0594 141.5 145.0 175 286
0163 347.0 135.5 160 235
0163 205.0 167.0 158 196
0186 70.5 167.5 229 267
0186 520.5 172.5 119 277
0506 117.5 198.0 291 216
0579 148.5 150.0 335 262
0536 90.0 157.5 170 267
0536 349.5 140.0 149 282
0144 110.0 139.5 192 283
0144 343.5 142.5 173 287
0105 126.0 143.5 188 279
0105 360.0 142.5 186 275
0135 83.0 154.0 168 270
0135 342.5 132.0 175 294
0555 77.5 162.5 193 273
0555 373.0 120.5 194 305
0532 140.0 141.5 164 289
0032 87.5 145.5 189 285
0032 327.5 190.5 151 231
0547 321.0 151.0 200 278
0547 62.5 190.5 145 233
0529 304.5 144.0 197 284
0529 123.5 146.5 171 283
0093 64.0 148.5 200 273
0093 390.0 122.5 184 307
0538 290.5 74.5 219 347
0538 107.5 146.5 197 275
0154 246.0 149.5 256 271
0344 74.5 145.0 173 270
0344 425.0 137.5 172 295
0463 107.0 139.5 192 283
0463 368.5 138.0 185 288
0383 434.5 188.5 181 257
0383 212.0 30.5 194 191
0479 124.0 137.0 164 286
0558 364.5 159.0 183 262
0558 79.0 142.0 200 284
0231 63.0 162.5 204 253
0231 332.0 224.0 184 192
0607 113.0 148.5 194 271
0607 346.5 134.0 161 290
0583 148.5 126.0 333 308
0156 276.0 151.5 194 245
0122 101.0 152.5 218 269
0122 340.5 191.5 169 237
0279 319.0 213.0 186 206
0484 83.5 156.0 163 262
0484 349.0 207.0 150 210
0081 420.5 211.5 175 209
0313 176.0 199.0 130 220
0313 320.0 66.0 180 340
0556 376.5 136.5 191 293
0556 77.5 148.0 191 280
0590 87.0 174.5 162 259
0590 328.0 201.0 172 220
0297 231.0 165.0 292 274
0467 98.0 136.5 178 285
0467 319.0 145.5 232 285
0039 150.0 152.0 150 274
0039 307.5 264.5 183 159
0338 98.0 178.5 218 241
0584 156.5 138.5 211 291
0184 89.5 144.5 193 287
0184 376.5 174.5 251 219
0042 76.0 154.5 186 267
0042 286.5 135.5 187 297
0066 81.5 150.5 179 277
0065 82.5 154.0 177 268
0380 173.5 93.5 175 267
0380 321.0 218.5 212 183
0394 327.0 143.5 180 285
0613 245.0 190.0 278 242
0350 79.0 141.5 176 273
0350 346.0 131.5 210 279
0250 302.0 177.5 214 249
0580 161.0 162.0 320 250
0047 119.5 152.0 173 262
0047 269.5 65.0 195 372
0074 398.0 140.5 216 277
0222 264.0 208.5 228 205
0617 153.5 146.5 165 281
0617 296.5 152.5 169 265
0226 296.0 204.5 254 217
0612 267.0 145.0 234 284
0612 108.5 147.5 151 283
0549 363.5 145.5 205 279
0549 80.0 191.0 162 234
0181 30.5 167.5 257 279
0364 180.0 196.0 144 212
0364 330.0 49.0 112 182
0368 148.0 188.0 148 226
0368 295.0 74.5 246 177
0335 137.5 143.0 165 280
0335 428.0 210.5 202 221
0275 281.5 266.0 187 146
0475 250.0 155.5 258 267
0359 175.0 141.5 260 271
0592 273.0 216.5 260 211
0119 109.0 149.0 204 270
0119 342.0 124.0 182 298
0485 312.5 58.5 181 375
0485 103.5 161.0 157 258
0031 281.0 151.0 182 274
0255 312.0 154.5 174 263
0188 73.5 145.5 217 285
0608 250.0 123.5 256 295
0608 55.5 176.5 207 249
0551 87.5 172.5 153 257
0551 396.5 147.0 155 278
0179 15.5 154.5 209 265
0470 130.0 138.0 192 290
0470 323.0 143.0 162 282
0482 393.0 229.5 84 187
0377 116.5 186.5 143 229
0526 290.0 135.0 220 278
0526 65.5 181.5 195 243
0083 336.0 213.5 262 209
0260 161.5 142.0 335 290
0182 39.0 151.0 266 274
0610 287.5 139.0 191 290
0610 68.0 176.0 182 252
0089 356.5 183.5 247 247
0089 93.5 152.5 147 265
0343 83.0 145.0 176 274
0343 422.5 145.0 177 286
0337 125.5 153.0 163 268
0337 481.5 182.0 159 268
0494 86.5 143.5 173 287
0494 394.5 125.5 167 295
0319 364.5 209.5 189 233
0598 91.5 174.5 171 253
0598 319.5 144.0 181 278
0104 132.5 149.5 175 273
0057 51.5 197.5 155 223
0191 50.0 145.0 182 280
0191 473.0 219.5 166 199
0125 111.0 154.0 210 268
0125 302.0 191.0 224 238
0109 230.0 170.5 286 259
0035 245.0 180.0 268 252
0215 330.0 144.5 150 277
0215 145.5 57.0 221 232
0510 358.5 145.0 201 284
0510 119.0 189.5 274 231
0295 350.0 179.0 152 258
0599 100.0 155.5 176 267
0599 330.5 148.0 179 270
0213 313.5 150.0 181 266
0238 81.0 150.5 260 271
0238 342.0 188.0 226 232
0243 207.0 153.0 100 238
0573 120.5 146.5 199 277
0573 318.0 141.0 188 282
0058 58.5 197.0 153 224
0356 172.0 139.5 284 271
0130 261.5 182.0 235 252
0577 135.0 147.5 378 277
0578 232.0 142.0 272 284
0574 314.0 141.0 186 280
0574 127.5 144.5 187 277
0108 133.0 148.0 184 268
0108 285.0 202.5 240 221
0026 110.5 140.0 183 282
0026 315.5 143.0 233 288
0036 277.5 234.5 247 179
0333 315.5 227.0 315 228
0333 135.5 149.0 169 276
0569 351.0 134.5 196 285
0588 313.0 191.0 140 234
0325 130.5 155.5 173 263
0461 98.5 136.0 181 284
0461 367.0 130.5 188 287
0273 262.0 66.0 218 354
0303 276.5 134.5 205 287
0062 87.0 187.5 162 229
0280 331.0 268.0 184 144
0517 105.5 144.0 203 270
0517 385.0 149.0 156 278
0116 108.5 159.5 197 263
0199 333.0 170.0 266 226
0199 47.0 153.0 166 272
0289 350.5 151.5 197 269
0282 327.5 173.0 197 254
0330 141.5 164.5 165 267
0201 75.0 156.0 174 266
0201 338.0 204.5 220 205
0466 100.5 136.5 173 281
0466 355.5 143.5 203 281
0131 140.0 142.5 174 281
0131 283.0 189.0 202 234
0374 128.5 186.0 165 230
0288 361.0 146.5 180 279
0587 119.5 175.0 141 252
0587 275.0 162.5 158 249
0396 241.5 161.5 265 249
0582 163.0 149.0 314 278
0609 290.5 135.5 217 279
0609 36.5 179.5 173 249
0095 353.5 152.0 217 272
0095 66.5 143.5 205 283
0096 327.0 157.5 242 257
0096 73.0 145.0 200 274
0501 108.0 168.5 198 259
0233 79.0 179.5 168 241
0233 359.5 203.0 185 214
0347 357.0 143.0 252 276
0347 68.5 155.0 173 256
0072 408.0 134.0 214 282
0123 210.5 187.5 321 243
0240 90.5 149.5 241 265
0240 352.5 151.0 199 268
0567 360.0 184.5 196 241
0567 106.5 175.0 149 254
0593 127.0 145.5 176 283
0253 323.0 163.5 158 249
