0206 180.5 142.5 189 273
0206 380.0 143.5 150 277
0604 285.0 127.5 194 289
0604 116.5 153.5 169 267
0318 369.5 139.5 123 285
0619 176.5 142.0 117 276
0619 301.0 126.0 222 290
0794 441.0 127.0 168 288
0794 30.5 86.0 165 242
0723 85.0 142.5 168 285
0723 289.5 146.5 243 261
0520 188.0 147.5 190 265
0174 224.5 180.0 157 282
0806 410.0 150.0 202 266
0261 157.0 176.0 142 230
0261 371.5 127.0 181 306
0046 82.0 134.5 198 279
0046 402.0 138.5 210 281
0044 55.5 123.0 191 294
0044 393.0 143.0 212 276
0192 239.0 144.0 132 314
0192 363.5 117.0 131 326
0402 361.0 123.5 178 287
0402 156.0 173.0 136 260
0634 101.5 144.5 151 279
0634 386.0 134.0 182 282
0776 60.0 140.0 166 284
0776 409.5 127.5 185 293
0472 95.0 152.0 168 272
0472 388.5 138.5 157 287
0817 142.0 221.5 266 201
0284 144.5 152.5 179 273
0586 369.0 119.5 204 299
0586 96.0 115.0 160 306
0656 102.5 118.5 173 303
0656 277.0 142.5 280 259
0351 268.5 198.5 211 209
0755 106.5 159.0 165 264
0749 95.0 157.5 164 263
0749 261.5 187.5 239 233
0293 262.5 202.5 103 203
0726 77.5 173.5 169 251
0726 273.5 119.5 215 297
0150 68.5 128.5 173 291
0150 414.0 126.5 178 287
0354 220.0 154.0 212 256
0016 103.5 116.0 195 308
0016 303.0 147.0 226 262
0259 166.0 156.0 102 254
0259 374.5 107.5 205 329
0660 87.5 171.5 173 259
0660 281.5 114.5 201 305
0493 212.0 131.0 322 304
0103 108.0 151.5 160 275
0103 327.0 130.5 178 287
0147 88.0 121.5 174 297
0147 368.5 133.5 221 281
0085 104.5 144.5 175 287
0085 375.0 128.0 172 286
0012 77.0 139.5 182 287
0012 361.5 123.5 199 301
0050 392.5 135.0 177 280
0050 146.5 158.0 135 262
0820 37.5 151.0 157 264
0820 239.0 128.5 258 289
0069 55.0 142.0 172 288
0069 389.0 136.5 184 279
0663 105.0 144.0 166 290
0663 298.0 124.0 174 290
0774 79.5 139.0 153 278
0774 417.5 132.0 171 280
0110 96.5 141.5 169 281
0110 397.0 237.5 154 179
0400 139.0 225.5 168 203
0400 392.0 128.0 152 284
0178 207.0 155.5 200 299
0076 78.5 138.5 185 279
0124 177.0 216.0 172 216
0263 136.5 97.5 139 305
0263 358.0 126.0 186 300
0056 150.5 143.5 161 271
0056 399.5 131.0 161 286
0771 120.5 146.0 143 270
0771 420.5 133.0 175 286
0315 272.0 139.0 216 282
0631 129.5 147.5 125 267
0631 374.5 128.5 191 293
0055 144.0 143.5 162 275
0055 403.5 130.5 153 287
0055 313.0 139.5 96 139
0158 80.0 138.0 166 286
0158 355.0 152.0 232 262
0477 83.0 127.0 170 302
0477 386.5 113.5 169 323
0387 437.5 144.0 177 270
0504 83.0 146.0 166 278
0504 354.5 141.5 203 279
0713 106.5 151.5 155 275
0713 351.5 135.0 241 288
0134 127.0 185.0 160 236
0134 310.5 127.0 193 284
0508 137.5 175.0 179 248
0508 291.5 104.0 219 322
0063 112.0 145.0 132 276
0063 397.0 135.0 164 290
0034 87.5 176.0 159 246
0034 336.5 131.0 191 294
0256 167.0 144.5 184 269
0256 413.0 140.5 190 285
0758 128.0 159.0 160 258
0758 336.5 145.0 173 274
0772 118.5 140.5 135 275
0772 419.0 132.0 174 288
0027 80.5 150.5 179 281
0027 227.0 187.0 308 238
0779 49.0 142.0 182 284
0779 401.5 133.5 197 279
0022 297.5 118.0 213 290
0022 91.0 167.5 172 267
0169 260.5 156.0 241 296
0024 284.5 129.0 199 290
0024 126.0 153.0 170 270
0281 193.5 186.5 153 241
0471 102.0 154.0 166 270
0471 373.0 150.5 166 269
0654 76.5 145.0 177 278
0654 384.0 136.5 198 285
0404 356.5 153.0 181 256
0404 186.5 139.5 139 285
0245 93.5 156.5 165 269
0245 265.0 146.0 218 276
0321 378.5 145.5 143 261
0061 124.5 150.5 167 275
0061 403.5 147.5 197 273
0173 230.0 192.0 146 262
0662 94.5 153.5 171 275
0662 255.5 131.5 211 293
0203 220.5 143.5 187 269
0426 204.0 185.5 116 207
0426 365.0 111.0 174 326
0709 151.0 155.0 248 264
0709 457.0 260.0 152 154
0440 183.0 169.0 170 226
0372 264.0 278.0 192 144
0113 108.0 116.0 162 310
0113 320.5 136.5 225 283
0348 339.0 162.5 160 247
0339 357.5 285.0 241 112
0339 14.5 345.5 333 85
0094 172.5 222.5 167 201
0225 126.0 150.5 174 269
0225 279.5 173.5 171 251
0165 183.5 185.0 99 240
0165 308.0 179.0 216 218
0216 96.0 174.5 172 251
0216 264.0 103.5 200 329
0653 69.5 145.5 175 277
0653 410.5 149.5 191 265
0770 153.0 149.0 144 264
0770 432.5 115.0 173 306
0782 61.5 121.0 183 300
0782 375.5 255.5 101 169
0194 198.0 147.0 178 280
0457 92.5 159.5 163 261
0457 366.5 106.0 129 334
0855 40.0 143.5 166 269
0855 246.0 158.5 254 251
0445 99.0 160.5 170 281
0445 324.0 119.0 152 300
0803 381.0 150.0 182 272
0080 97.5 148.5 173 279
0025 119.5 170.5 179 259
0025 259.5 125.5 233 289
0513 240.5 199.5 279 217
0513 118.0 154.5 144 271
0648 86.0 116.5 170 307
0648 385.5 133.5 191 281
0464 88.0 159.5 168 255
0464 286.0 202.0 192 218
0218 122.0 168.0 168 260
0218 285.5 124.5 167 299
0688 104.0 188.0 150 230
0688 351.0 209.5 218 207
0102 121.0 161.0 164 254
0102 328.0 130.0 162 286
0412 299.5 177.5 105 223
0385 431.5 152.0 155 254
0266 344.5 141.5 223 277
0266 129.5 122.0 213 232
0725 106.5 136.0 167 294
0725 311.5 128.5 179 291
0349 341.5 148.0 163 268
0349 16.5 355.5 313 79
0300 246.0 122.0 264 324
0652 69.5 135.5 171 289
0652 420.5 139.5 171 277
0793 429.5 127.0 181 288
0793 -5.5 92.5 245 217
0424 384.0 118.0 158 320
0127 159.5 217.5 191 211
0185 242.5 159.0 151 294
0727 268.0 119.0 224 296
0727 64.0 174.5 174 253
0596 81.5 149.0 177 284
0596 258.5 146.0 235 276
0831 450.5 131.0 145 284
0831 -4.5 169.5 197 205
0242 138.5 158.0 165 262
0600 159.0 146.0 316 280
0505 82.5 147.5 169 275
0505 348.5 119.5 209 311
0167 200.0 195.0 352 244
0416 261.0 195.5 104 211
0416 373.0 152.0 158 274
0148 75.5 113.5 181 311
0148 367.0 132.5 224 287
0073 95.0 112.0 178 314
0073 287.0 150.0 234 262
0361 311.5 150.0 143 250
0361 35.0 354.0 302 86
0515 152.0 160.0 124 262
0515 258.0 193.0 230 224
0760 123.5 151.0 161 270
0760 346.5 125.5 171 295
0492 369.0 112.0 170 328
0492 208.0 156.5 94 219
0606 84.5 169.0 163 258
0606 310.5 131.0 211 286
0142 96.5 140.5 173 289
0142 369.5 123.0 185 298
0630 129.0 145.5 120 269
0630 399.5 127.0 153 292
0221 76.0 164.5 166 267
0221 241.0 188.0 262 240
0013 79.0 141.0 176 280
0013 349.5 128.5 211 291
0138 116.5 157.5 171 259
0138 340.0 124.5 186 291
0450 95.0 150.5 166 275
0450 286.0 219.0 186 192
0166 200.5 188.0 119 258
0129 153.5 217.5 207 211
0136 120.5 161.0 159 258
0136 331.0 126.5 188 287
0161 89.5 133.0 177 290
0161 377.5 129.0 153 286
0807 421.0 149.5 186 271
0304 204.5 117.5 241 297
0157 67.5 107.5 173 325
0157 396.0 141.0 210 268
0489 395.0 107.0 170 336
0489 175.0 116.0 174 308
0060 413.0 149.5 198 277
0060 160.0 141.0 200 282
0773 98.0 142.0 146 278
0773 416.0 143.0 172 266
0742 117.0 164.5 168 251
0742 362.0 112.0 126 312
0193 214.5 168.0 175 272
0824 13.0 102.5 218 245
0698 154.5 148.5 119 253
0698 394.0 138.5 208 275
0100 173.5 186.0 193 234
0100 329.5 262.0 167 154
0458 94.0 163.5 166 253
0458 367.5 95.5 135 349
0735 118.0 151.5 180 269
0735 264.5 207.5 219 215
0670 110.0 147.5 164 281
0670 307.0 266.0 192 146
0640 56.5 135.0 169 290
0640 427.0 137.0 174 280
0657 104.5 108.0 175 320
0657 291.0 134.5 254 277
0312 248.0 165.5 238 251
0202 219.5 151.0 167 270
0519 161.5 146.5 181 275
0700 377.0 132.0 210 288
0700 147.5 154.5 213 269
0835 405.5 160.0 197 242
0835 4.0 330.0 224 70
0217 104.5 170.0 167 258
0217 260.5 133.0 189 284
0277 245.0 87.0 236 328
0314 234.0 137.5 278 287
0460 107.0 150.0 160 274
0460 329.0 59.5 168 369
0852 259.5 236.5 209 181
0852 151.0 220.0 138 200
0087 107.5 145.5 185 283
0087 373.0 134.0 162 286
0699 150.5 155.5 125 265
0699 391.5 131.5 215 289
0276 236.0 126.0 236 282
0390 430.0 140.5 182 271
0018 135.0 144.5 166 279
0018 316.5 140.5 179 273
0285 294.5 197.0 235 240
0272 190.5 281.5 149 129
0272 385.0 132.5 154 291
0605 83.0 171.5 164 253
0605 294.5 123.0 229 300
0223 107.5 149.5 159 277
0048 149.0 146.0 136 260
0048 417.5 131.5 173 283
0738 135.0 141.5 174 285
0738 299.0 138.0 176 278
0171 251.0 146.5 124 317
0139 116.0 156.0 170 260
0139 345.0 126.5 184 295
0196 186.5 204.0 243 222
0762 145.5 150.5 213 265
0762 357.5 119.0 157 306
0190 268.5 152.5 127 297
0487 414.5 122.0 167 310
0487 176.5 151.5 185 255
0115 113.5 121.0 159 304
0115 354.5 232.5 141 177
0618 108.5 124.5 183 289
0618 343.5 126.0 177 292
0703 128.5 149.0 163 264
0703 394.0 132.5 170 289
0406 363.0 137.0 180 274
0406 165.0 176.5 194 255
0175 219.5 156.5 127 311
0449 84.5 152.0 165 272
0236 133.5 144.5 163 277
0236 282.0 102.0 190 328
0830 441.5 124.0 157 292
0830 37.0 136.5 162 213
0447 44.0 161.0 184 276
0447 249.0 179.5 270 253
0155 68.0 126.0 180 288
0155 423.5 134.5 201 285
0486 313.5 118.0 239 318
0486 206.5 149.5 123 261
0317 373.0 135.5 122 289
0317 124.5 235.0 123 170
0624 153.5 154.5 213 265
0624 406.5 145.0 197 276
0132 171.0 184.5 206 241
0767 207.0 154.5 164 265
0767 392.0 143.0 168 274
0172 233.5 173.0 141 286
0145 90.5 137.0 181 288
0145 367.5 131.5 195 287
0052 154.0 154.0 212 264
0052 371.5 135.5 217 287
0784 93.0 127.0 170 298
0230 119.5 165.0 161 250
0230 354.0 114.0 124 310
0071 53.5 140.5 197 281
0071 347.0 139.5 222 279
0257 168.5 152.0 183 260
0257 397.5 123.0 207 308
0516 259.0 196.0 208 214
0516 154.0 148.5 130 275
0417 255.0 194.5 146 217
0417 375.5 207.5 153 213
0622 194.0 135.0 352 294
0642 56.5 148.5 231 271
0642 431.5 137.0 181 284
0106 119.0 153.5 166 261
0220 281.5 144.5 205 281
0220 63.5 167.0 179 262
0439 170.0 165.0 198 240
0439 345.0 117.0 170 318
0283 237.0 179.5 278 249
0497 115.0 109.5 434 327
0673 132.0 155.5 156 265
0673 323.5 130.0 183 280
0693 66.0 148.0 176 276
0693 400.5 134.0 163 280
0672 126.0 147.5 168 277
0672 325.0 203.5 166 211
0197 201.0 215.0 216 204
0384 415.5 179.5 143 223
0384 4.5 221.0 111 164
0067 93.5 143.5 143 277
0067 396.0 129.5 208 289
0802 333.0 190.5 254 219
0328 288.0 200.0 174 206
0382 388.5 213.0 157 196
0684 69.5 189.5 147 227
0684 307.0 198.5 208 221
0462 113.0 142.5 158 281
0462 291.5 66.5 189 369
0778 48.0 144.0 180 282
0778 397.5 133.5 209 285
0140 111.0 138.0 158 292
0140 363.0 121.0 188 304
0126 161.5 214.0 181 218
0665 45.0 163.0 180 272
0503 116.5 139.5 125 277
0503 353.5 135.0 211 292
0028 101.0 148.5 170 281
0028 292.0 221.5 216 199
0208 200.5 144.5 127 269
0208 347.5 97.5 167 335
0278 167.0 205.5 182 215
0331 287.5 252.5 157 151
0763 162.0 144.0 208 272
0763 342.5 122.0 171 304
0638 55.0 144.0 194 282
0638 398.5 143.5 209 273
0162 91.0 138.0 172 286
0162 361.5 145.5 181 271
0120 153.5 202.5 195 225
0389 431.0 143.5 184 271
0422 230.5 135.0 113 190
0251 117.0 152.5 172 265
0251 352.0 121.5 164 301
0183 240.0 152.5 142 303
0241 130.0 158.0 156 260
0241 268.0 156.0 218 256
0641 51.5 139.5 183 283
0641 433.0 130.5 160 287
0270 131.0 209.5 198 195
0270 407.5 139.0 151 294
0210 210.0 132.5 102 283
0210 345.5 128.5 165 293
0369 246.5 238.5 209 177
0844 421.0 149.5 182 265
0844 47.5 310.0 267 106
0595 134.5 136.5 179 295
0595 287.0 121.5 184 293
0615 81.0 140.0 170 284
0615 370.5 132.5 193 293
0837 396.0 153.0 178 258
0388 441.0 146.5 178 269
0068 61.5 146.0 179 276
0068 390.5 127.0 183 294
0391 441.5 142.0 171 268
0716 100.5 149.5 119 267
0716 392.0 132.0 180 288
0722 80.0 147.5 152 273
0722 289.5 138.5 253 265
0639 53.0 144.5 198 277
0639 408.5 140.0 201 278
0664 97.0 160.5 172 275
0664 320.5 127.0 169 288
0040 68.0 142.0 174 276
0040 380.0 118.5 190 305
0302 262.0 190.5 202 229
0849 250.0 163.0 298 244
0849 149.5 263.0 109 146
0847 395.0 148.5 206 265
0847 84.5 289.0 169 110
0326 369.0 142.0 164 266
0721 81.5 147.0 155 274
0721 343.0 136.5 216 271
0271 395.5 140.0 159 286
0271 190.5 253.0 161 166
0635 90.5 144.0 159 278
0635 376.0 132.0 212 288
0787 14.0 141.0 198 258
0787 287.5 164.0 249 246
0680 109.0 153.0 156 270
0680 309.5 61.0 199 372
0744 122.5 159.5 159 259
0744 335.0 62.5 146 365
0627 134.0 148.5 150 275
0627 406.5 133.5 191 283
0143 96.0 140.5 170 287
0143 368.5 124.5 187 297
0681 110.5 145.0 163 276
0724 89.5 144.0 167 282
0724 310.5 220.5 211 193
0212 211.5 139.0 89 270
0212 319.0 115.5 188 315
0352 258.5 203.5 193 197
0296 191.5 64.0 273 288
0141 107.0 136.5 162 295
0141 370.0 123.0 178 302
0323 373.5 147.0 151 258
0476 380.0 114.0 174 322
0476 63.0 130.0 192 304
0478 90.5 142.0 185 278
0478 395.5 117.0 163 314
0789 12.0 71.0 236 278
0789 345.5 146.5 239 273
0454 115.0 149.0 178 270
0454 338.0 126.5 152 293
0107 115.0 154.5 174 265
0107 367.5 122.5 167 301
0200 186.0 166.5 200 247
0200 364.0 154.0 144 268
0711 131.0 159.0 190 260
0367 257.5 219.5 197 197
0785 151.5 157.0 337 262
0152 70.5 146.5 179 271
0152 417.5 133.5 185 281
0438 343.5 119.5 171 311
0438 150.0 168.0 220 266
0474 72.0 144.0 186 282
0474 386.0 125.0 162 298
0626 139.0 153.5 166 273
0626 411.0 139.5 178 279
0045 54.0 131.0 176 296
0045 402.0 143.5 204 269
0170 263.0 141.5 138 295
0133 158.0 179.5 158 245
0133 314.5 133.5 187 271
0756 119.5 159.0 169 260
0756 295.0 150.0 220 270
0717 103.5 148.0 117 266
0717 399.0 137.5 204 281
0059 420.0 151.0 180 276
0059 181.5 142.5 185 283
0675 349.0 126.5 144 291
0675 70.5 166.0 161 248
0430 170.0 175.0 118 232
0430 349.5 131.0 213 302
0739 97.5 153.5 173 271
0739 276.0 129.0 204 294
0514 129.5 153.0 147 274
0514 234.5 206.0 289 214
0229 103.5 163.0 163 256
0229 325.0 133.0 152 286
0086 106.5 145.5 187 285
0086 376.5 128.0 165 290
0701 380.0 132.5 200 287
0701 138.0 154.5 192 265
0518 159.5 142.0 161 280
0518 311.0 141.0 146 270
0029 108.5 147.5 339 275
0097 285.0 188.5 262 233
0153 70.5 147.5 179 269
0153 425.0 132.5 198 287
0720 100.0 144.0 130 278
0720 356.0 141.0 230 278
0311 225.0 180.0 224 244
0078 48.5 146.5 181 281
0078 296.0 141.5 214 271
0346 329.5 187.0 141 218
0836 369.0 162.0 226 238
0340 320.5 280.5 201 137
0671 118.0 147.0 170 276
0671 281.5 172.5 203 253
0363 332.5 149.0 157 256
0237 132.5 147.5 167 277
0237 262.5 201.0 201 218
0614 85.0 139.0 166 288
0614 373.5 127.0 195 302
0207 187.5 146.5 159 265
0207 371.0 172.5 156 251
0765 172.5 143.0 227 274
0765 411.5 150.0 183 264
0678 96.0 152.5 154 265
0678 350.5 64.5 151 361
0502 397.0 127.5 154 297
0502 136.5 141.0 113 274
0419 256.5 122.5 139 283
0419 366.5 141.0 171 274
0632 129.0 145.0 122 270
0632 365.5 130.5 195 295
0731 118.0 152.0 172 272
0731 319.0 212.5 174 199
0602 139.0 143.0 164 284
0602 276.0 170.5 192 257
0393 446.5 129.0 157 278
0646 91.0 138.0 180 288
0646 410.0 141.5 186 277
0759 123.5 157.0 159 260
0759 367.5 237.5 135 175
0219 295.0 129.5 164 287
0219 110.0 170.5 184 253
0121 159.0 215.0 192 212
0358 273.0 141.0 166 264
0691 79.0 153.0 172 272
0691 401.0 140.5 164 277
0038 89.5 150.0 159 276
0038 376.0 129.0 180 298
0715 101.0 147.0 122 272
0715 408.0 141.5 184 279
0469 110.0 160.5 156 257
0469 369.5 200.5 163 215
0204 200.5 146.0 219 264
0204 397.0 138.0 144 286
0118 145.5 151.5 173 273
0041 73.0 144.5 170 277
0041 384.5 127.5 191 301
0455 66.0 163.0 176 254
0455 343.5 131.0 159 290
0838 413.0 151.0 192 262
0017 111.5 119.0 181 314
0017 308.5 144.5 199 267
0414 351.5 76.0 161 242
0414 278.0 172.5 96 255
0249 128.5 155.0 161 262
0249 345.5 137.0 161 288
0629 123.5 146.0 125 270
0629 405.5 129.5 147 293
0286 315.5 192.0 215 248
0286 164.0 186.0 172 252
0088 105.0 147.0 190 278
0088 367.5 135.0 167 282
0198 259.0 141.5 228 287
0214 199.0 145.0 120 276
0214 311.5 112.5 149 309
0651 72.0 119.5 178 301
0651 409.0 144.5 200 273
0818 128.5 233.5 277 183
0734 124.0 148.0 166 276
0117 258.5 124.0 239 284
0098 157.0 209.5 210 217
0049 157.5 150.5 137 257
0049 412.0 138.0 174 280
0345 321.0 209.0 150 190
0813 250.5 164.5 311 237
0813 140.0 239.5 100 177
0054 137.5 149.0 161 270
0054 388.0 136.0 184 286
0705 153.5 142.0 143 276
0705 397.0 142.0 204 270
0495 160.5 140.0 237 284
0495 386.5 109.5 187 319
0805 400.5 150.0 205 264
0248 123.5 160.5 167 253
0248 325.5 146.5 181 275
0757 121.0 161.5 168 257
0757 322.5 144.0 189 276
0209 209.5 141.0 113 272
0209 341.0 120.5 176 301
0745 125.5 150.5 165 267
0745 316.0 64.5 178 361
0696 102.5 131.5 153 283
0696 394.5 124.0 177 292
0628 125.0 149.0 128 272
0628 402.5 132.5 161 285
0666 47.0 168.0 180 264
0666 294.0 207.0 224 214
0020 103.0 169.5 208 263
0020 281.0 125.0 196 294
0616 85.0 132.5 168 297
0616 360.0 134.5 196 287
0235 275.5 106.0 191 324
0235 140.5 148.0 169 272
0252 122.0 147.5 172 273
0252 364.5 133.5 171 279
0682 113.0 143.5 160 277
0682 297.0 264.5 176 149
0294 239.5 125.5 133 315
0101 195.0 157.0 158 264
0101 333.0 133.0 158 282
0491 380.0 82.5 178 363
0491 181.0 133.0 146 270
0187 276.0 150.5 116 303
0611 95.0 146.0 162 282
0611 363.0 132.5 184 293
0247 118.5 162.0 169 256
0247 320.0 157.0 176 262
0015 98.5 120.5 171 299
0015 301.5 148.5 247 265
0768 200.0 151.5 200 261
0768 424.5 139.0 171 280
0764 159.5 142.5 249 273
0764 404.0 147.0 188 272
0423 395.5 130.0 139 300
0845 417.5 153.0 187 262
0845 58.0 304.5 240 105
0092 170.0 212.0 174 212
0160 90.0 140.0 174 288
0160 386.0 126.5 150 285
0366 303.0 175.0 164 234
0468 111.5 160.5 157 257
0468 343.5 208.0 187 212
0730 111.0 158.5 160 265
0730 332.0 205.5 152 215
0746 134.0 146.0 160 276
0746 273.5 67.5 201 361
0498 403.5 121.0 141 302
0149 75.0 107.0 174 320
0149 375.0 126.0 214 292
0037 94.0 148.5 164 275
0037 358.0 128.0 204 300
0509 143.0 207.5 172 227
0509 295.5 104.0 211 324
0019 150.5 145.0 169 276
0019 329.0 207.0 154 208
0112 96.5 127.0 175 292
0112 343.5 144.0 213 272
0597 86.0 145.5 172 289
0301 290.5 193.5 165 243
0234 134.5 150.5 157 271
0234 295.5 50.5 181 379
0128 159.5 215.5 159 213
0128 294.5 222.0 167 200
0443 291.5 123.5 181 301
0443 76.0 170.5 178 263
0023 276.0 131.0 218 284
0023 116.0 158.5 174 265
0324 376.0 149.0 164 262
0669 103.5 146.0 169 282
0669 305.5 268.5 199 145
0353 275.0 172.5 160 227
0843 421.5 145.5 183 271
0332 26.5 338.0 397 88
0692 62.5 148.5 185 273
0692 404.0 130.0 154 286
0499 144.5 152.5 147 259
0499 393.5 129.0 151 296
0114 112.5 128.5 159 295
0082 123.0 154.5 162 269
0082 342.5 149.0 223 264
0077 33.5 155.0 183 270
0077 228.5 153.5 253 261
0099 162.0 207.0 186 220
0164 131.0 148.0 154 280
0244 104.0 161.0 158 260
0244 262.0 152.0 202 274
0111 97.0 134.0 170 290
0111 357.5 135.5 201 277
0429 174.0 199.5 118 209
0429 338.0 141.5 228 285
0674 331.5 132.5 169 283
0674 77.5 161.0 159 256
0399 428.0 141.0 146 268
0677 85.5 172.5 161 251
0677 361.0 110.5 142 311
0299 208.5 156.5 309 215
0267 410.5 128.5 185 301
0267 147.0 20.5 180 293
0274 177.5 281.5 151 133
0274 352.5 122.5 167 303
0839 423.5 155.0 189 264
0694 61.0 142.5 182 281
0694 399.0 127.5 164 285
0620 185.5 148.5 109 269
0620 299.0 127.5 230 289
0180 215.0 144.5 142 327
0826 0.0 85.5 242 237
0826 391.5 145.0 223 270
0375 368.5 282.0 223 124
0064 114.0 145.0 132 274
0064 391.0 136.5 178 277
0239 108.5 162.5 163 257
0239 277.0 187.0 190 228
0633 121.5 143.0 131 278
0633 368.0 129.5 192 295
0434 153.5 140.0 101 282
0434 364.5 113.0 205 320
0603 137.5 138.0 175 288
0603 290.5 142.5 181 277
0322 379.5 142.0 143 260
0686 91.0 195.0 148 218
0667 72.0 152.5 170 275
0667 278.0 200.0 274 220
0643 73.5 140.5 227 281
0643 412.0 137.5 208 291
0761 138.5 151.5 155 267
0761 356.0 122.5 162 301
0357 266.5 151.5 169 251
0376 13.5 171.0 299 226
0395 455.5 136.0 145 274
0804 392.5 156.5 179 259
0292 272.0 216.0 104 178
0051 159.5 157.0 139 266
0051 397.5 135.0 201 280
0413 348.5 61.0 147 208
0413 284.5 160.0 97 254
0792 413.0 134.5 202 275
0792 -8.5 86.5 207 231
0021 307.0 140.0 190 272
0021 78.5 170.0 171 262
0427 179.5 230.5 113 177
0427 356.5 124.5 193 303
0795 449.5 132.5 161 279
0795 41.5 111.5 157 235
0336 35.5 275.0 551 170
0704 138.0 141.5 154 275
0704 397.5 134.0 201 276
0290 280.5 271.0 91 112
0195 172.5 185.0 221 254
0781 54.0 116.0 194 308
0781 369.5 138.5 169 277
0459 104.0 155.0 154 266
0459 369.0 91.0 130 342
0496 123.5 105.0 417 338
0258 168.0 152.0 172 254
0258 371.5 119.0 215 320
0373 309.5 281.0 193 138
0373 110.5 318.0 111 148
0254 215.5 141.0 119 260
0254 336.0 123.5 172 299
0269 415.0 145.5 178 279
0269 81.0 118.5 220 219
0365 336.5 154.0 141 252
0053 131.5 157.0 183 260
0053 373.5 141.0 209 284
0431 163.0 150.0 128 262
0431 365.5 111.5 187 329
0500 153.0 139.0 100 284
0500 397.0 126.0 148 300
0840 423.5 151.0 197 268
0490 387.5 111.0 171 332
0490 191.0 127.0 140 288
0262 151.0 134.0 138 274
0262 368.5 132.5 171 287
0043 60.5 114.0 185 308
0043 371.0 132.0 204 292
0750 110.5 156.5 159 267
0750 249.5 179.0 257 244
0084 112.5 149.0 179 280
0084 360.5 135.0 199 280
0401 380.5 127.5 159 281
0401 130.5 194.5 179 243
0355 238.5 148.0 193 254
0706 150.0 143.0 146 282
0706 384.0 133.5 204 287
0788 -0.5 120.0 245 234
0316 332.5 133.0 163 298
0360 292.5 151.0 159 248
0360 41.0 352.0 332 84
0748 89.0 156.0 174 266
0748 265.0 210.0 216 204
0205 190.5 140.5 189 273
0205 383.5 139.0 151 288
0851 261.0 180.5 228 243
0851 173.0 228.0 106 188
0712 117.5 154.5 191 267
0712 354.0 122.0 244 296
0327 327.0 170.5 144 239
0378 370.0 286.5 176 141
0507 92.5 142.5 179 283
0507 319.5 116.0 181 312
0488 416.0 130.0 166 298
0488 161.0 116.0 106 304
0397 447.5 156.0 145 254
0397 140.5 194.5 157 243
0425 376.0 115.5 174 319
0483 309.5 114.0 229 320
0483 189.0 114.5 102 295
0177 212.5 150.5 137 313
0601 139.5 142.0 157 282
0465 295.5 211.0 211 208
0465 86.5 162.5 163 255
0819 188.0 200.0 252 208
0846 60.0 300.5 220 107
0846 416.0 154.5 184 255
0644 83.0 138.5 206 281
0644 411.5 143.0 201 282
0816 151.5 218.0 145 204
0816 265.5 188.5 209 229
0754 90.0 156.5 182 267
0754 259.5 156.0 217 264
0403 184.0 144.5 134 285
0403 351.5 138.5 173 275
0728 264.0 139.0 202 284
0728 78.0 170.0 178 260
0594 149.0 122.5 172 303
0163 125.5 149.0 163 276
0163 349.0 163.5 206 251
0144 88.0 141.0 178 282
0144 364.0 120.5 202 305
0591 111.0 127.5 184 295
0591 306.5 136.5 207 279
0702 130.5 156.0 201 264
0702 392.0 133.0 182 284
0747 141.0 140.0 160 278
0747 277.5 72.0 175 360
0032 102.0 169.0 164 258
0032 319.5 123.5 173 291
0135 112.0 181.0 158 246
0135 322.5 129.0 187 288
0105 116.5 155.5 171 259
0105 338.5 122.5 187 293
0512 108.5 168.5 143 277
0512 263.5 130.0 237 284
0186 269.0 140.5 130 325
0506 82.0 145.5 170 277
0841 428.5 143.5 189 279
0093 165.0 217.5 170 203
0093 321.0 228.5 128 181
0473 84.5 146.0 171 278
0473 382.5 129.5 165 291
0224 123.5 144.5 155 275
0224 253.0 190.0 164 236
0168 212.5 190.0 183 240
0176 220.5 143.0 117 330
0091 162.0 210.0 184 210
0834 422.5 157.5 185 255
0825 364.0 147.5 226 273
0825 13.0 98.0 232 228
0736 118.0 149.0 188 276
0428 346.5 134.5 217 301
0428 179.5 229.0 115 180
0264 114.5 81.5 143 323
0264 355.0 105.5 200 323
0636 76.5 145.0 167 278
0636 366.0 134.0 234 286
0090 153.0 206.0 172 216
0189 286.5 148.5 101 281
0812 372.5 148.0 209 272
0812 102.5 274.0 161 126
0433 152.5 149.0 121 266
0433 371.5 111.0 181 322
0075 113.0 130.5 176 293
0137 119.0 158.0 168 260
0137 339.0 123.0 186 294
0661 283.0 118.0 202 298
0661 75.5 149.0 185 282
0695 61.5 138.5 179 281
0381 397.0 245.5 122 163
0392 446.5 136.0 163 278
0420 261.5 88.0 117 288
0420 362.5 123.5 175 301
0679 98.0 152.0 158 268
0679 338.0 59.5 164 373
0364 340.0 148.0 158 262
0456 73.0 160.0 172 256
0456 349.5 127.5 149 301
0368 268.0 242.0 170 170
0222 92.5 151.5 161 275
0222 247.0 209.5 254 217
0335 237.0 270.0 282 166
0359 282.0 142.0 162 262
0592 128.5 113.5 169 313
0592 274.0 121.0 228 294
0658 115.5 118.0 177 306
0658 336.0 218.0 154 198
0832 446.5 142.5 157 271
0832 -6.5 201.0 199 208
0612 92.0 144.5 166 285
0612 371.0 125.5 178 299
0181 234.0 160.5 142 297
0809 433.0 143.0 160 278
0809 83.5 304.0 207 106
0305 194.0 98.5 262 283
0159 82.5 138.5 189 283
0159 353.0 142.0 218 274
0411 267.5 53.0 189 352
0329 267.0 229.5 186 183
0446 37.5 177.5 179 253
0446 318.0 145.0 182 276
0405 356.5 153.0 181 256
0405 182.0 124.0 144 304
0850 222.0 145.5 324 273
0708 378.0 132.5 194 285
0708 186.5 165.0 103 250
0589 106.0 141.0 168 284
0589 342.5 130.5 167 291
0418 259.0 201.0 148 206
0418 386.5 179.0 147 248
0070 51.0 143.5 176 283
0070 365.0 136.5 214 285
0481 298.5 117.5 259 321
0842 429.5 144.5 179 273
0442 294.5 102.0 187 330
0442 68.0 177.0 180 250
0821 28.5 142.5 181 255
0821 281.5 144.0 239 268
0033 311.0 126.5 212 289
0033 84.0 167.5 156 247
0714 107.5 150.0 133 272
0714 368.5 134.5 219 287
0146 88.5 122.0 181 298
0146 369.5 132.5 211 285
0334 228.0 278.0 266 152
0320 369.0 142.5 172 269
0623 155.5 153.5 213 265
0623 361.5 132.5 181 289
0362 321.0 149.0 154 254
0737 131.5 143.5 175 281
0737 292.0 203.0 184 214
0854 188.5 199.0 251 208
0766 207.0 152.5 164 269
0766 398.0 149.5 170 267
0783 84.0 119.0 170 302
0751 129.0 166.0 154 246
0751 245.0 194.5 268 219
0797 458.5 137.5 149 275
0797 6.0 208.5 194 183
0828 11.5 90.5 197 239
0828 423.0 127.0 188 292
0030 131.5 150.0 163 272
0287 156.5 178.0 325 270
0268 53.5 29.0 307 268
0268 428.5 124.5 171 315
0707 377.0 127.5 204 291
0707 179.5 151.0 97 258
0780 55.0 117.0 176 310
0780 374.0 131.0 192 292
0621 264.0 150.5 240 269
0265 353.0 114.5 212 313
0265 132.5 102.0 149 282
0479 110.5 149.0 191 260
0479 400.0 125.5 168 299
0039 82.5 146.5 155 275
0039 370.5 118.0 201 306
0231 117.5 161.5 171 253
0231 379.0 112.5 96 309
0122 162.5 212.0 193 212
0279 163.5 210.0 177 212
0732 119.5 147.5 171 271
0732 289.5 157.0 221 262
0848 293.0 157.5 280 245
0848 110.0 266.0 108 140
0484 367.5 106.0 171 330
0484 178.0 116.0 174 262
0719 108.0 147.5 120 269
0719 387.5 129.5 189 297
0775 74.0 143.0 158 276
0775 411.0 127.0 180 286
0081 117.0 154.0 150 274
0081 307.5 150.0 237 262
0687 102.0 192.0 154 224
0687 352.5 189.0 205 232
0590 263.5 120.5 243 299
0590 104.0 143.5 196 279
0313 253.5 159.5 249 261
0676 77.0 179.5 164 237
0042 71.0 133.0 172 284
0042 377.0 127.5 194 295
0066 114.0 144.5 126 275
0066 391.5 145.0 219 272
0668 88.0 147.0 172 280
0668 288.5 224.5 249 189
0338 364.5 287.0 277 108
0790 337.0 150.0 268 264
0790 -4.0 86.0 256 240
0184 238.5 153.0 157 302
0800 385.5 171.0 229 226
0800 11.5 341.0 209 66
0065 118.5 145.0 125 274
0065 394.5 133.5 209 281
0452 108.5 148.5 185 273
0452 314.0 174.0 180 250
0407 179.5 143.0 167 286
0407 367.0 126.0 166 290
0796 454.0 130.0 148 282
0814 197.0 194.5 352 211
0380 376.0 288.5 140 121
0769 170.5 148.0 181 270
0769 441.0 133.0 168 290
0250 126.5 151.0 159 264
0250 357.0 136.0 154 288
0350 322.0 162.5 174 243
0394 446.5 131.5 149 275
0394 22.5 203.5 173 207
0415 274.0 180.0 98 238
0415 347.0 132.0 168 272
0047 85.0 135.5 212 281
0047 402.5 136.0 209 282
0074 111.5 119.5 159 311
0275 177.0 257.0 164 158
0275 329.5 118.5 165 297
0226 300.0 131.0 160 284
0226 133.5 147.0 167 272
0613 83.0 142.0 176 282
0613 368.5 127.5 195 297
0475 69.0 142.5 186 285
0475 390.0 110.0 162 326
0617 92.5 128.5 159 295
0617 355.0 124.5 202 291
0729 101.0 158.5 166 265
0729 288.5 127.5 189 293
0104 328.0 132.0 194 282
0104 111.5 159.5 179 255
0125 164.5 211.0 181 218
0599 123.5 148.0 173 274
0057 158.0 151.0 140 254
0057 392.5 131.0 175 286
0191 264.5 147.5 131 283
0659 128.0 127.5 172 293
0659 325.0 139.0 158 286
0511 198.5 153.0 117 266
0511 328.5 140.5 141 273
0109 97.0 141.5 176 287
0109 399.0 220.0 146 198
0810 87.5 303.5 183 107
0810 422.5 140.5 173 279
0435 129.0 155.5 198 261
0435 361.0 111.5 188 325
0215 96.5 175.0 175 248
0215 267.0 113.0 208 314
0689 91.5 172.5 161 255
0690 88.5 156.5 163 269
0690 387.0 143.5 180 281
0510 162.0 158.0 156 264
0510 288.5 130.0 187 296
0295 257.0 67.0 164 340
0213 209.0 141.0 112 280
0213 327.0 205.0 148 212
0752 141.5 160.0 159 256
0035 94.5 157.5 161 267
0035 354.0 129.5 188 293
0238 96.0 159.5 170 261
0238 266.5 193.0 217 228
0448 50.5 167.0 183 270
0448 281.5 185.0 253 242
0650 71.0 110.0 180 318
0650 402.0 148.0 206 268
0356 257.5 149.0 183 254
0398 436.5 147.5 139 259
0398 173.5 244.0 161 192
0801 341.5 173.5 269 227
0718 108.0 147.5 118 267
0718 393.5 134.0 209 288
0697 137.0 144.5 112 267
0697 398.0 134.5 198 279
0130 158.0 215.5 210 211
0243 144.0 152.0 170 270
0823 6.5 91.5 247 239
0823 297.0 149.5 272 267
0432 156.0 149.5 124 263
0432 374.0 104.5 170 335
0815 217.5 210.0 327 196
0451 93.0 141.0 176 286
0451 278.5 201.5 201 215
0058 380.0 130.0 192 290
0058 166.5 152.5 135 259
0108 107.0 146.5 166 275
0227 141.5 148.5 167 273
0227 279.0 128.5 196 283
0444 93.5 170.5 175 263
0444 307.5 118.5 157 303
0383 408.0 194.0 146 208
0383 -2.0 211.5 162 211
0228 100.0 159.5 166 261
0228 276.0 138.0 206 276
0463 108.5 133.5 169 297
0463 293.5 75.5 179 355
0655 99.5 133.5 169 287
0655 294.5 131.5 277 271
0154 74.5 139.5 171 277
0154 425.5 131.5 199 289
0733 232.0 187.5 284 243
0409 354.0 117.5 168 305
0409 190.5 28.5 197 295
0645 98.0 135.5 184 287
0645 409.5 142.0 201 284
0344 314.5 252.0 147 150
0607 89.0 156.5 166 267
0607 322.0 124.5 196 295
0743 118.0 163.5 166 253
0743 369.5 222.5 117 189
0777 45.0 141.5 184 285
0777 407.5 137.5 185 279
0480 370.0 128.0 210 306
0480 149.0 156.0 178 258
0014 337.5 150.5 227 267
0014 90.5 124.0 167 302
0827 4.0 88.5 212 235
0827 411.0 136.5 200 277
0467 103.0 162.0 162 256
0467 323.0 194.5 202 225
0156 64.5 108.0 179 320
0156 415.0 134.5 194 277
0436 360.0 117.0 182 312
0436 137.5 165.0 173 244
0649 408.0 148.0 190 268
0649 78.5 109.5 177 317
0096 247.0 184.5 258 245
0741 114.5 161.5 173 257
0741 343.5 125.5 135 293
0798 448.5 153.0 161 262
0798 3.0 227.0 202 190
0501 397.0 133.5 146 291
0501 146.0 126.0 90 308
0095 178.0 216.5 166 207
0233 134.0 152.0 152 266
0233 317.5 58.0 173 368
0347 332.5 164.5 157 243
0808 99.5 312.5 221 97
0808 433.5 142.5 161 277
0072 280.0 137.5 264 267
0072 74.5 117.5 173 309
0119 277.0 115.0 204 302
0253 144.0 148.5 172 279
0253 350.5 118.5 167 301
0453 110.5 150.0 181 270
0453 324.5 143.0 167 274
0683 118.0 149.0 172 270
0683 265.0 198.0 220 220
0482 373.0 117.5 178 317
0377 28.5 152.0 221 226
0377 359.0 287.5 206 125
0799 412.5 173.0 195 230
0123 168.0 218.5 182 209
0240 121.5 163.5 159 253
0240 271.5 158.5 201 257
0031 305.0 144.0 192 276
0031 136.5 144.5 165 281
0255 220.5 141.0 117 276
0255 338.0 116.5 170 313
0608 97.0 154.0 168 272
0608 337.0 121.0 190 300
0786 34.5 148.5 163 267
0786 281.0 158.0 254 252
0753 240.0 159.0 244 260
0485 358.0 125.0 190 302
0485 171.0 129.5 164 239
0853 153.5 219.0 155 200
0853 292.0 285.0 160 124
0811 399.0 151.0 206 266
0811 94.0 293.0 168 108
0179 216.0 158.0 180 296
0437 343.5 112.0 183 314
0470 112.5 152.5 155 271
0470 364.5 161.5 169 255
0188 270.0 149.5 124 313
0647 87.0 132.0 180 290
0647 411.0 141.0 176 282
0079 85.0 151.0 180 272
0079 298.5 143.5 241 269
0319 368.0 141.5 160 271
0182 240.5 137.0 97 328
0610 100.0 146.0 168 282
0610 366.0 135.5 174 287
0083 119.5 151.0 169 276
0083 350.0 138.5 220 277
0260 171.0 168.5 132 241
0260 380.0 128.0 174 302
0089 110.0 133.5 182 289
0343 339.0 279.0 118 124
0151 72.5 140.5 173 277
0151 423.0 128.5 168 289
0494 377.5 125.0 177 304
0494 168.5 151.5 217 267
0410 316.5 155.0 171 248
0337 371.5 278.5 255 153
0833 429.0 153.5 186 263
0833 -2.5 241.0 215 170
0822 8.0 124.0 232 228
0822 296.0 145.0 248 278
0598 100.0 146.0 170 286
0598 243.0 205.5 272 215
0829 426.5 128.5 177 287
0829 32.5 100.5 169 229
0246 117.0 160.5 148 259
0246 307.0 150.5 192 273
0026 241.5 157.0 267 266
0026 67.5 172.0 175 258
0036 101.5 154.5 155 271
0036 374.0 129.0 170 288
0588 97.5 137.5 167 289
0588 364.0 130.0 178 288
0303 252.0 184.0 218 244
0289 296.5 129.5 167 293
0325 378.0 148.0 160 260
0461 109.5 143.0 163 284
0461 308.0 104.0 180 322
0062 107.5 150.5 153 273
0062 404.0 152.0 188 268
0517 281.0 164.0 188 252
0280 180.5 198.0 167 226
0273 364.0 120.5 170 305
0273 184.0 287.5 140 123
0710 157.0 150.5 216 267
0710 417.0 135.5 194 287
0199 188.5 169.0 187 244
0199 384.5 156.0 125 268
0116 123.5 132.0 159 288
0116 280.0 118.0 210 298
0330 227.5 250.0 211 176
0282 242.0 162.0 264 254
0637 62.0 147.5 182 279
0637 391.5 148.5 217 269
0408 363.0 113.5 170 309
0408 178.5 104.5 161 319
0740 98.0 162.5 172 257
0740 289.5 128.0 189 292
0466 95.5 165.5 165 249
0466 302.0 198.0 216 226
0441 181.0 168.5 172 235
0441 336.0 124.5 154 293
0685 75.0 195.5 160 219
0685 315.0 185.0 232 238
0386 430.0 148.0 164 260
0131 165.5 218.5 191 205
0288 176.5 129.0 287 314
0421 262.0 106.0 98 224
0421 366.0 139.0 140 290
0396 451.0 148.5 140 257
0232 129.0 155.5 152 259
0232 345.5 62.5 157 355
0201 193.5 157.5 193 263
0587 93.0 119.5 164 303
0587 361.0 129.0 188 288
0609 97.0 153.0 168 272
0609 341.5 120.0 185 300
0625 154.0 153.5 200 267
0625 407.5 137.0 197 282
0211 208.0 137.0 98 272
0211 323.0 120.0 184 306
0593 267.5 136.5 215 275
