0134 128.5 147.0 159 270
0134 375.5 132.0 177 292
0063 163.5 156.5 131 265
0034 116.0 146.0 142 284
0034 374.0 118.5 204 309
0256 390.0 161.5 160 257
0027 94.5 151.0 159 268
0027 303.0 127.5 194 287
0022 248.0 180.0 264 248
0022 69.0 152.5 164 273
0024 260.0 196.5 240 235
0024 121.5 142.0 163 276
0169 307.0 65.5 182 359
0169 113.5 143.5 153 275
0471 402.5 109.0 225 332
0404 81.0 162.5 126 257
0404 518.5 249.0 121 150
0245 166.5 179.5 227 237
0245 411.0 147.5 200 271
0061 283.0 127.0 300 286
0061 131.0 151.5 140 271
0321 144.5 153.0 137 266
0321 369.0 122.0 190 292
0173 103.0 191.5 138 217
0173 295.0 196.0 220 226
0203 404.5 140.0 195 274
0203 174.0 153.0 132 270
0520 105.5 160.0 169 208
0520 279.0 158.0 218 260
0174 119.0 205.0 144 204
0174 295.0 158.5 226 255
0046 260.0 150.0 238 270
0261 179.0 147.0 162 264
0044 255.5 95.0 93 272
0044 348.0 131.5 210 285
0402 101.0 153.5 140 269
0402 551.5 171.0 89 302
0379 171.0 77.0 190 272
0379 349.0 153.0 150 220
0472 401.5 116.0 225 326
0192 311.5 126.0 243 296
0351 75.0 168.0 172 246
0351 276.5 210.0 215 212
0524 357.0 143.0 214 280
0524 62.5 92.0 203 230
0150 144.0 149.5 134 267
0150 348.5 129.0 217 290
0521 96.0 144.5 188 207
0521 296.0 153.0 216 266
0354 103.5 156.0 167 270
0354 320.0 187.5 214 227
0016 173.0 150.5 154 271
0016 323.5 211.5 169 207
0493 65.5 194.0 151 222
0493 232.5 212.5 265 199
0103 166.0 194.5 212 233
0103 397.5 188.0 151 220
0103 447.5 102.5 19 39
0085 450.0 155.0 194 256
0531 468.0 169.0 138 238
0147 134.0 149.0 132 258
0147 388.5 136.5 163 293
0259 323.5 140.0 181 284
0012 141.5 157.5 137 265
0012 366.0 138.0 196 286
0069 341.5 143.5 255 279
0069 3.0 85.5 262 227
0050 207.5 131.0 133 284
0050 372.5 185.5 177 229
0206 143.5 135.0 117 280
0206 386.5 120.5 191 295
0339 100.0 143.0 166 280
0339 297.5 210.0 215 210
0348 128.5 151.0 143 268
0348 307.5 64.5 187 361
0094 123.5 174.5 127 235
0094 295.5 198.5 177 201
0225 156.0 222.0 192 196
0225 345.5 123.0 165 302
0216 148.0 151.5 144 273
0216 387.0 125.0 154 296
0165 92.0 183.5 166 233
0165 316.5 141.0 169 272
0194 258.0 141.0 250 280
0194 525.0 95.0 20 40
0457 377.5 144.5 191 281
0445 59.5 53.5 245 207
0080 369.0 146.5 192 281
0464 387.0 136.5 230 281
0513 133.5 146.5 153 271
0513 299.0 179.5 172 259
0025 144.5 146.5 143 271
0025 289.5 173.0 173 252
0218 148.5 157.5 143 263
0218 344.5 117.5 181 303
0102 213.5 191.0 319 234
0412 91.5 211.5 217 179
0412 370.0 169.5 222 231
0412 469.5 111.5 23 41
0385 197.0 169.0 146 274
0385 367.5 81.5 215 219
0349 157.0 142.5 136 273
0349 304.0 230.5 188 183
0266 131.0 142.5 148 273
0266 324.0 129.5 212 287
0424 166.0 37.5 204 131
0424 329.5 158.5 167 263
0185 134.0 159.0 138 260
0185 388.0 134.5 220 277
0110 180.0 150.0 184 270
0110 364.0 149.5 182 265
0127 196.5 154.0 143 268
0400 110.5 155.0 153 272
0178 85.0 193.0 152 218
0178 338.5 147.5 175 269
0076 410.0 157.0 200 256
0076 182.0 109.0 18 36
0541 101.0 188.0 130 220
0541 411.0 158.5 186 253
0263 164.5 147.5 139 269
0263 358.0 143.5 184 277
0124 273.0 209.5 258 213
0124 165.0 152.5 140 267
0056 155.5 142.5 129 275
0056 401.0 133.0 192 282
0055 174.0 144.5 130 277
0055 405.0 141.0 190 264
0158 288.5 131.0 163 290
0158 124.0 146.5 164 275
0548 156.5 205.5 199 201
0548 332.0 219.5 158 197
0548 438.0 103.5 20 39
0548 570.0 97.0 22 40
0537 354.0 196.0 204 204
0477 137.5 240.0 103 174
0477 387.5 140.0 227 278
0009 361.0 128.5 192 293
0009 132.5 158.5 141 265
0387 158.0 152.0 146 276
0387 206.0 94.0 20 40
0387 385.5 131.5 185 199
0504 149.5 149.5 141 273
0504 357.0 126.0 198 286
0508 181.5 167.0 279 268
0522 308.0 148.0 222 282
0522 462.5 94.0 21 40
0505 159.0 159.5 132 259
0505 314.5 132.5 213 293
0148 136.5 141.0 131 272
0148 380.5 123.0 171 302
0167 96.5 155.5 143 267
0515 143.0 138.0 262 286
0129 268.5 130.5 229 283
0129 83.5 161.5 195 261
0166 82.0 180.0 152 238
0166 312.5 129.5 145 289
0492 185.5 221.0 261 198
0492 427.5 94.0 23 42
0142 312.0 134.5 218 291
0221 143.5 218.5 189 199
0221 309.5 135.5 205 287
0540 96.5 230.5 135 181
0540 402.0 172.0 190 232
0013 142.5 156.0 141 264
0013 340.0 141.0 216 278
0138 346.5 149.0 203 266
0450 314.5 264.0 179 144
0136 138.5 231.5 205 181
0489 274.0 222.5 186 193
0489 175.0 228.5 110 187
0161 234.0 200.5 280 229
0161 83.0 180.5 158 237
0010 136.0 157.0 138 268
0010 363.5 140.5 191 277
0157 254.5 142.0 199 274
0100 216.5 217.5 95 185
0100 334.0 156.5 202 259
0060 356.0 130.0 232 282
0060 119.5 149.5 139 275
0060 207.5 94.5 19 41
0217 150.0 153.5 142 271
0217 379.5 128.5 155 295
0193 327.0 130.0 210 288
0202 183.0 142.0 196 284
0202 407.0 151.0 182 262
0519 174.5 158.0 297 260
0440 127.5 44.5 251 185
0440 298.0 202.5 168 217
0113 169.0 156.5 106 257
0113 360.5 126.5 203 291
0342 137.0 160.5 148 257
0342 330.5 142.0 163 268
0426 329.0 159.0 166 262
0426 158.0 27.0 206 198
0372 98.0 138.5 146 281
0372 347.5 134.5 223 287
0120 96.0 156.5 154 267
0120 287.0 139.0 186 280
0251 331.0 128.5 202 297
0422 302.5 163.0 221 254
0183 367.5 116.5 227 305
0183 125.5 153.5 151 265
0241 348.0 146.5 210 269
0241 152.0 152.0 164 274
0369 122.0 139.5 210 281
0369 389.5 137.0 181 294
0390 108.0 141.5 146 291
0018 244.5 111.0 241 306
0018 86.5 175.5 153 247
0087 31.5 234.0 113 168
0087 456.5 171.0 155 238
0087 264.0 117.5 20 37
0087 381.0 118.0 20 36
0048 189.0 165.5 236 273
0048 401.0 183.5 158 237
0272 182.0 190.0 268 236
0190 240.0 92.0 182 278
0223 143.0 215.5 196 207
0544 110.0 171.5 124 241
0544 362.0 150.0 194 264
0171 171.5 148.5 165 273
0370 133.5 138.5 119 279
0370 390.0 131.5 172 299
0196 204.0 170.0 336 268
0139 320.5 143.0 227 284
0487 275.5 182.5 215 237
0487 158.0 211.0 112 196
0115 140.0 151.5 132 267
0115 338.5 145.5 223 271
0175 146.0 199.0 144 214
0155 187.0 178.5 94 223
0155 294.0 130.0 176 298
0406 70.0 192.5 136 215
0406 490.0 189.5 140 223
0449 310.5 132.0 187 288
0449 89.0 63.0 244 202
0449 526.5 94.0 19 42
0447 319.0 105.5 174 321
0236 314.5 141.5 213 279
0236 166.5 221.5 185 193
0486 246.0 154.5 270 263
0486 143.5 206.0 135 206
0257 324.0 181.0 208 242
0172 101.0 199.0 156 210
0172 291.0 276.5 178 135
0132 113.0 161.0 182 260
0132 342.0 135.0 190 282
0145 115.5 139.5 219 273
0145 405.0 145.5 188 277
0052 220.0 148.0 176 276
0052 384.5 150.5 171 261
0230 191.0 207.0 172 214
0071 423.0 125.5 188 299
0516 145.5 137.5 135 279
0516 256.5 183.5 157 239
0417 267.5 167.5 223 245
0417 185.5 150.5 99 229
0242 355.0 132.5 198 283
0242 179.0 144.5 112 267
0073 1.0 161.0 210 214
0073 441.0 134.5 170 287
0361 333.0 121.0 198 302
0361 150.5 191.0 205 222
0141 360.5 137.5 187 283
0141 246.0 181.0 148 198
0454 55.0 247.5 270 155
0323 142.0 158.5 136 261
0323 379.5 115.5 175 309
0152 163.5 155.5 117 261
0152 296.5 146.0 257 276
0535 390.0 183.0 186 212
0535 479.5 118.0 19 36
0476 383.5 139.5 229 279
0438 114.5 42.0 241 178
0438 283.5 258.0 233 166
0478 392.0 133.0 222 290
0478 135.5 211.0 95 196
0478 364.5 98.0 21 38
0478 498.5 94.0 23 40
0107 210.0 151.0 190 270
0107 376.0 155.5 174 265
0200 223.0 146.5 164 279
0200 391.5 141.0 167 282
0367 143.0 134.0 222 296
0367 383.0 143.5 194 285
0546 269.5 162.0 263 242
0546 138.5 164.5 125 251
0546 412.5 103.5 21 39
0133 114.5 155.0 177 266
0133 360.5 138.0 191 284
0474 352.0 141.0 260 282
0170 279.5 74.5 185 353
0170 148.5 153.0 137 262
0539 403.5 159.0 167 254
0539 96.0 242.5 130 165
0539 405.0 111.5 20 41
0045 331.0 122.5 202 299
0059 113.5 142.5 145 283
0059 389.5 113.0 187 310
0059 202.5 97.5 21 37
0106 214.0 152.5 96 225
0106 388.0 189.5 176 219
0497 113.5 193.0 151 230
0497 330.5 191.0 249 232
0439 313.0 269.0 170 140
0067 20.0 123.0 234 228
0220 326.0 115.0 184 308
0220 139.0 211.5 186 207
0197 198.0 132.0 164 292
0197 393.0 190.5 166 219
0328 296.0 143.0 238 282
0328 153.0 152.0 134 270
0382 232.5 96.0 115 264
0462 387.5 133.5 221 285
0140 343.0 146.5 222 269
0008 362.0 121.0 196 302
0008 133.0 153.0 142 274
0126 220.5 191.5 283 229
0208 110.5 145.5 151 277
0208 385.5 125.5 195 295
0503 150.5 148.0 137 276
0503 373.5 122.0 179 292
0028 82.0 159.5 146 261
0028 315.5 130.0 201 282
0389 130.0 144.5 150 291
0389 385.5 208.0 255 210
0331 260.5 111.5 233 309
0331 95.0 176.5 174 249
0270 173.0 173.5 200 251
0210 126.5 154.0 149 268
0210 362.5 122.5 199 297
0162 250.5 208.0 257 222
0162 100.0 151.5 172 269
0029 94.0 152.5 150 269
0029 342.5 122.5 185 293
0518 274.0 166.0 172 238
0086 462.0 163.0 172 248
0346 93.5 154.0 153 268
0346 353.0 105.5 150 317
0097 214.0 175.0 194 250
0078 295.0 163.5 286 245
0207 116.5 136.0 139 286
0207 399.0 126.0 172 294
0153 300.0 142.5 228 283
0153 173.5 153.0 119 262
0340 132.5 143.0 139 280
0340 269.5 180.5 219 245
0363 180.0 149.0 146 268
0363 332.0 134.0 194 290
0237 162.5 222.5 187 191
0237 331.5 127.0 201 302
0419 308.0 160.5 204 253
0219 125.5 218.0 169 198
0219 334.0 64.0 196 368
0502 151.0 139.5 136 285
0502 372.0 129.5 186 283
0393 70.5 155.0 211 268
0121 102.5 148.5 167 275
0121 325.5 140.5 159 275
0358 138.0 194.0 190 218
0358 363.0 135.5 182 277
0038 396.0 136.0 216 284
0038 97.5 176.5 163 247
0414 149.5 213.0 181 180
0414 320.0 212.0 176 192
0469 420.0 127.5 202 299
0204 169.5 151.0 125 268
0204 404.0 133.0 190 278
0118 93.0 159.5 172 259
0118 301.5 136.5 211 279
0041 152.0 86.0 128 286
0041 408.0 121.0 204 304
0249 376.5 147.5 181 279
0017 258.0 118.0 228 296
0017 99.0 178.0 178 244
0068 7.5 95.5 261 223
0068 322.5 149.5 267 273
0198 205.0 128.5 140 299
0198 379.0 189.0 182 226
0088 44.5 210.0 99 196
0088 431.5 195.0 181 210
0214 148.5 176.5 145 247
0214 361.5 127.5 183 291
0543 104.0 175.5 124 243
0543 380.5 149.0 187 274
0388 140.5 143.5 147 291
0388 377.0 183.5 260 197
0388 379.5 96.0 19 38
0388 245.5 96.5 21 37
0391 109.5 150.0 133 280
0391 426.5 95.0 21 40
0391 294.5 96.0 19 40
0040 147.0 112.0 112 300
0040 413.0 115.0 194 312
0326 342.0 136.0 220 282
0326 135.0 158.0 142 266
0352 286.0 202.5 230 217
0352 85.5 179.0 173 242
0212 146.5 164.0 145 254
0212 307.0 131.0 228 296
0143 430.0 157.5 176 263
0054 185.0 144.0 174 278
0054 402.5 148.0 195 262
0235 313.0 147.0 214 270
0235 167.5 224.5 185 189
0209 111.0 149.0 148 278
0209 365.5 133.0 201 288
0495 88.0 199.5 148 219
0495 295.0 212.5 262 199
0545 282.5 157.5 265 245
0545 131.0 167.5 116 247
0248 175.0 204.0 100 194
0248 372.0 176.0 194 250
0533 442.5 200.0 163 200
0020 295.0 114.0 172 310
0020 123.0 154.0 158 266
0252 164.5 206.5 205 207
0252 387.5 168.0 167 264
0187 162.5 145.0 103 250
0187 387.0 134.5 224 281
0423 319.5 161.5 191 257
0247 174.0 199.0 160 202
0247 399.5 139.0 201 288
0491 225.5 230.0 203 190
0101 392.5 156.0 157 252
0015 160.5 148.5 137 271
0015 307.0 139.5 204 279
0092 85.5 196.0 105 212
0092 348.0 195.5 206 205
0019 261.5 128.5 203 289
0019 92.5 146.5 177 279
0366 152.0 144.5 226 273
0366 373.5 127.5 207 299
0468 398.5 129.0 225 296
0160 146.0 173.5 348 261
0149 141.0 143.5 130 271
0149 378.0 125.5 186 293
0037 118.5 156.0 141 268
0037 386.0 141.5 226 277
0509 198.5 152.5 141 263
0509 403.5 95.0 21 40
0498 116.5 189.0 149 228
0498 338.0 188.5 232 229
0112 366.5 131.5 191 283
0112 173.5 160.5 79 253
0528 8.0 206.5 188 199
0514 146.5 145.5 149 277
0514 390.0 95.0 18 42
0234 316.0 149.5 210 275
0234 179.0 219.5 170 199
0534 435.5 197.0 165 202
0128 158.0 148.0 192 276
0229 176.0 178.0 182 248
0258 332.5 151.0 183 272
0490 184.0 231.0 100 184
0490 274.0 239.0 158 168
0262 160.5 151.5 155 263
0262 358.5 151.5 189 267
0355 109.0 151.0 162 274
0355 329.0 162.5 212 253
0043 367.5 125.5 211 295
0043 256.0 75.5 88 305
0401 102.5 157.5 141 267
0341 148.0 142.0 150 278
0341 319.5 150.5 167 271
0205 158.5 138.5 113 275
0205 403.0 136.0 192 274
0507 190.5 176.5 267 251
0443 334.5 148.5 161 267
0327 314.5 137.5 241 283
0327 142.5 156.0 135 264
0378 157.0 60.5 186 339
0378 324.0 137.5 168 273
0360 166.0 189.0 204 228
0360 334.5 124.5 203 293
0084 366.0 103.5 22 37
0084 431.5 137.5 173 287
0084 238.5 101.5 19 39
0488 269.5 213.5 183 203
0488 168.5 218.5 95 177
0397 128.5 153.5 147 271
0023 93.5 150.5 161 275
0023 270.5 202.0 267 224
0324 137.0 163.0 142 256
0324 382.0 131.5 156 289
0425 160.5 32.0 201 190
0425 335.0 159.5 164 261
0425 475.5 109.5 21 45
0332 82.5 157.5 151 259
0332 254.5 80.0 245 344
0099 212.5 202.5 91 209
0353 102.0 166.0 164 252
0353 309.0 195.0 208 224
0499 128.5 159.5 149 261
0499 352.0 162.0 206 252
0082 52.5 215.5 205 217
0082 398.0 153.5 202 259
0114 150.0 153.0 118 264
0114 343.5 145.0 215 270
0483 116.0 222.0 206 190
0483 346.5 130.0 223 286
0483 438.5 94.5 19 41
0077 363.5 155.5 223 249
0164 155.5 142.5 147 279
0011 136.5 161.0 141 260
0011 363.0 142.5 198 279
0429 159.0 65.5 198 121
0111 180.0 162.0 122 252
0111 359.5 137.5 189 275
0525 16.5 101.0 231 204
0525 376.5 146.0 213 280
0267 144.5 141.0 135 276
0267 313.0 134.0 222 284
0180 116.0 166.0 136 252
0180 379.0 134.0 174 282
0375 253.0 143.5 264 267
0375 140.0 168.0 100 244
0239 155.0 227.0 194 188
0239 330.0 131.5 208 289
0244 184.0 173.5 82 233
0244 350.0 129.5 204 289
0399 114.5 153.5 151 273
0064 184.5 203.0 245 218
0064 213.0 96.0 20 40
0357 132.0 168.0 170 246
0357 367.0 143.5 176 271
0322 141.5 156.0 137 262
0322 386.5 128.0 177 288
0434 391.0 103.0 18 38
0434 523.5 95.0 21 40
0434 269.5 130.0 185 284
0117 166.0 158.0 132 264
0117 331.0 123.5 166 303
0395 115.0 152.0 172 268
0376 111.0 205.5 148 199
0376 283.5 201.5 161 221
0098 217.0 184.0 94 212
0098 333.0 157.0 174 258
0345 91.0 157.0 150 264
0345 379.0 125.0 156 288
0049 200.0 148.5 166 263
0049 387.0 185.0 174 234
0403 91.5 151.0 131 272
0506 156.0 154.5 146 267
0506 283.5 170.5 179 255
0536 342.0 204.0 228 190
0163 128.0 153.0 158 268
0163 270.5 199.5 201 225
0144 131.5 140.5 259 285
0144 409.0 140.5 188 281
0032 100.0 145.5 150 279
0032 379.5 127.5 181 295
0532 463.0 174.5 136 233
0532 476.0 116.5 20 39
0135 144.0 221.0 184 192
0135 363.0 124.0 200 298
0105 403.5 199.5 161 201
0512 102.0 150.5 168 275
0512 309.0 165.0 192 272
0186 122.0 211.0 156 198
0186 385.0 143.5 226 271
0547 152.5 191.5 163 215
0547 301.5 152.5 217 265
0093 326.5 201.0 163 196
0093 107.0 192.5 104 215
0224 156.0 223.0 192 196
0224 364.5 150.0 169 266
0529 4.0 249.5 200 185
0529 450.5 151.5 155 271
0473 380.0 138.0 240 286
0168 103.0 150.0 154 274
0168 343.0 127.5 130 289
0428 330.0 149.0 170 274
0091 62.5 199.5 111 207
0091 342.5 178.0 245 222
0091 286.5 117.0 23 40
0090 62.5 196.0 95 208
0090 397.0 175.0 208 224
0090 280.0 119.5 18 41
0090 399.0 120.0 18 38
0420 294.5 160.0 227 254
0075 426.5 146.5 185 275
0176 294.5 228.5 205 189
0264 154.5 142.5 141 273
0264 345.0 137.0 180 286
0523 351.5 144.5 203 285
0523 76.0 136.5 198 185
0189 190.5 99.0 101 258
0189 392.5 125.5 211 291
0392 93.5 146.0 151 280
0392 314.5 95.5 19 39
0381 357.5 88.5 151 245
0381 222.0 75.5 116 277
0433 267.0 140.0 202 280
0527 5.5 143.5 207 209
0527 411.0 145.5 200 275
0195 203.0 177.5 342 251
0021 309.5 227.0 179 190
0021 52.5 183.5 173 241
0413 132.0 219.0 206 178
0413 366.5 196.5 167 203
0051 307.5 168.0 227 262
0427 322.0 150.5 178 267
0137 129.5 240.0 249 170
0137 348.0 134.5 208 281
0336 266.5 131.5 229 289
0336 69.5 183.0 167 240
0496 106.5 190.5 141 233
0496 324.5 206.0 255 208
0373 102.0 142.0 148 278
0373 341.5 133.0 223 284
0500 136.5 153.5 151 269
0500 360.0 148.0 196 270
0254 407.5 180.0 183 240
0365 194.0 124.0 214 300
0365 387.0 134.5 188 289
0269 286.0 153.5 158 265
0269 162.5 181.0 139 236
0542 106.0 175.0 124 232
0542 397.5 154.5 203 257
0053 200.0 142.5 208 285
0053 406.5 154.5 181 251
0530 464.0 157.5 144 253
0484 278.0 140.5 260 267
0484 121.0 208.5 180 199
0484 423.5 94.5 21 41
0039 101.5 197.0 155 224
0039 408.0 126.5 204 299
0156 264.0 119.0 206 300
0156 101.5 160.0 165 254
0122 301.5 135.0 201 282
0122 122.0 145.0 168 270
0338 285.0 204.0 256 220
0338 94.0 150.5 154 275
0081 383.0 151.5 198 269
0407 81.5 194.0 107 218
0407 486.0 182.5 138 233
0066 29.5 149.0 191 230
0042 390.5 124.0 217 300
0042 208.0 74.5 214 279
0467 392.0 130.5 230 293
0184 133.0 156.5 136 261
0184 380.5 126.0 203 294
0350 170.5 148.0 135 276
0350 289.0 205.0 190 212
0065 228.5 153.5 245 265
0250 176.5 241.0 103 154
0250 361.0 139.0 186 286
0415 237.0 205.0 180 204
0415 328.0 112.5 20 37
0047 239.0 174.0 258 254
0074 -7.5 221.0 227 196
0074 437.5 132.0 179 294
0226 322.0 118.5 188 303
0226 151.0 214.0 202 202
0475 388.5 137.0 217 282
0222 144.0 218.5 190 205
0222 293.5 126.5 239 289
0380 199.0 79.5 154 269
0394 67.5 155.5 231 267
0549 437.0 103.0 20 36
0549 256.0 133.0 208 280
0549 569.5 98.0 25 38
0181 117.5 182.5 145 233
0181 378.5 123.5 207 297
0359 174.5 199.5 211 211
0359 363.0 129.5 186 287
0335 290.5 111.5 189 309
0335 102.5 186.5 169 233
0364 327.5 140.0 209 278
0418 218.0 163.5 286 249
0329 160.0 149.5 140 273
0329 312.5 118.5 213 305
0070 13.0 75.0 242 236
0411 65.0 208.0 232 186
0411 401.0 183.0 204 210
0446 335.0 110.0 160 310
0456 360.0 147.5 200 273
0368 122.5 139.0 229 284
0368 343.0 128.0 254 294
0405 72.5 194.0 137 216
0405 486.0 217.0 152 206
0481 394.5 110.0 215 312
0481 122.5 225.5 255 185
0033 105.5 141.0 151 282
0033 381.0 111.0 186 320
0334 303.0 111.5 166 309
0334 107.5 139.5 165 283
0362 329.5 129.5 199 285
0362 165.5 163.0 173 250
0268 289.5 134.0 221 284
0268 152.0 144.0 132 276
0030 96.5 148.5 151 273
0030 357.5 119.5 189 299
0265 141.5 142.5 145 269
0265 330.5 125.0 207 294
0177 70.0 184.0 162 232
0177 315.0 152.5 190 265
0465 384.0 139.0 234 280
0146 122.5 144.5 167 271
0146 398.5 118.5 149 301
0371 134.5 134.5 113 277
0371 389.5 124.5 171 301
0442 265.5 143.5 227 275
0442 468.0 103.0 20 38
0188 161.5 119.0 115 288
0188 389.0 133.0 216 282
0083 6.0 208.5 118 191
0083 426.0 142.0 178 280
0260 206.5 143.5 153 267
0260 381.0 152.0 170 272
0151 146.0 156.0 126 264
0151 340.5 143.0 221 280
0337 248.5 175.5 275 253
0337 66.5 158.5 171 263
0104 183.0 164.5 156 271
0104 393.0 199.5 172 203
0191 257.5 85.5 97 289
0191 361.5 115.0 207 308
0125 222.0 206.5 284 213
0057 149.5 143.0 123 270
0057 166.0 94.0 22 40
0109 185.5 152.5 193 267
0109 362.0 154.0 184 262
0511 273.0 105.0 218 330
0089 61.0 197.5 90 209
0089 416.5 179.5 185 219
0343 73.5 161.5 163 257
0343 306.5 124.5 213 289
0035 116.0 151.0 142 278
0035 376.0 126.5 200 295
0435 288.5 122.5 177 299
0435 143.0 40.0 144 274
0238 159.0 230.0 188 184
0448 312.5 139.0 181 278
0448 508.5 103.0 21 36
0215 150.5 154.0 143 270
0215 380.5 128.5 163 295
0432 138.5 158.5 145 235
0432 289.5 128.0 181 294
0356 107.5 148.5 163 279
0356 362.0 154.5 184 259
0398 129.0 151.0 142 272
0398 403.5 213.5 213 211
0130 305.0 128.0 220 284
0130 115.5 179.5 173 239
0243 147.0 159.0 124 250
0243 355.0 140.5 198 279
0451 80.0 111.0 246 192
0510 179.5 132.0 305 292
0213 144.0 156.0 156 270
0213 322.5 117.0 215 308
0058 123.0 145.0 132 268
0058 400.5 135.5 197 275
0227 291.0 116.5 188 303
0108 200.5 150.5 207 271
0228 171.0 200.5 184 223
0463 385.0 138.5 226 277
0409 66.0 174.0 128 234
0409 477.5 118.0 19 36
0409 476.0 184.5 148 229
0409 355.0 117.5 22 37
0154 174.5 168.5 113 223
0154 309.5 125.5 179 307
0344 72.0 160.0 162 258
0344 357.0 125.5 144 291
0479 105.0 199.0 100 206
0479 401.0 118.0 208 314
0231 178.5 210.0 179 210
0231 329.0 137.0 166 284
0444 366.0 154.5 140 263
0538 380.0 159.0 164 258
0538 398.5 117.5 19 35
0538 520.0 108.5 26 39
0538 123.5 266.0 89 148
0480 115.0 235.0 100 174
0480 405.0 113.5 202 311
0014 156.0 153.5 132 267
0014 309.0 134.5 222 289
0246 170.0 196.5 194 211
0246 407.5 142.5 193 281
0325 132.5 161.0 149 260
0325 381.5 129.0 173 296
0461 385.0 133.5 230 281
0273 107.0 138.5 132 273
0273 232.5 155.0 243 262
0062 142.0 157.0 146 264
0062 303.5 156.0 207 262
0517 272.0 189.5 176 229
0517 157.5 144.0 133 272
0199 254.0 154.5 98 257
0199 365.0 169.0 178 242
0116 145.0 153.5 142 267
0116 322.0 138.0 218 284
0330 170.0 149.5 138 275
0330 335.5 215.5 159 203
0026 151.5 147.0 157 270
0333 269.0 129.0 224 286
0333 88.5 145.5 171 273
0408 75.0 188.0 106 228
0036 120.0 150.5 136 279
0036 387.0 135.5 226 279
0232 167.5 213.5 185 203
0232 326.5 129.5 165 295
0466 394.0 137.5 228 285
0441 308.0 158.5 180 261
0386 177.0 167.5 172 267
0386 380.0 80.5 194 231
0421 300.5 163.0 229 254
0131 113.5 185.0 179 230
0131 322.5 137.5 213 277
0396 132.5 150.0 143 278
0095 270.5 179.5 201 237
0095 146.5 179.5 121 225
0095 356.0 110.0 22 42
0436 260.0 183.5 228 243
0436 540.5 94.0 21 42
0211 138.0 153.0 146 270
0211 342.5 124.5 181 297
0374 277.5 126.5 265 285
0374 116.0 138.5 138 285
0201 209.0 152.5 190 269
0201 404.5 159.0 185 254
0096 291.5 151.5 133 271
0347 318.0 69.5 182 355
0347 102.0 147.0 154 276
0119 293.5 125.0 215 292
0119 64.0 186.5 174 225
0253 169.5 209.0 177 206
0253 424.0 173.0 184 258
0453 82.0 218.5 250 183
0482 107.0 223.5 246 189
0482 370.0 124.5 210 299
0377 163.5 148.5 111 261
0377 252.5 193.0 217 232
0233 180.0 212.0 164 208
0233 308.5 142.0 199 282
0501 145.5 149.0 137 274
0501 363.0 138.5 190 281
0072 -5.0 84.5 228 251
0123 163.0 149.0 136 266
0123 287.0 201.5 234 223
0240 147.5 222.0 185 196
0240 346.0 137.0 214 284
0031 99.0 148.5 148 275
0031 374.5 122.5 177 303
0255 393.5 182.5 167 237
0255 187.0 231.5 200 179
0179 96.0 189.5 144 225
0179 364.5 149.5 179 265
0437 122.5 54.5 209 205
0437 281.5 215.5 231 203
0470 414.0 114.0 208 326
0526 6.5 110.0 225 200
0526 396.5 145.0 207 282
0079 343.5 157.5 215 255
0494 61.5 200.5 157 217
0494 273.0 217.0 264 200
0182 112.0 165.5 154 253
0182 371.5 115.5 213 309
0410 52.5 185.0 211 208
0410 446.5 173.5 151 231
0485 214.0 146.0 318 260
0485 290.0 97.0 20 40
0485 417.5 95.0 21 40
