0147 263.5 159.0 221 260
0206 131.5 159.5 153 257
0206 362.0 126.5 202 301
1146 436.5 136.0 193 292
1146 80.0 166.5 142 247
1111 129.5 141.5 193 275
1081 117.5 152.5 165 267
0061 145.5 136.5 137 283
0061 278.5 184.5 261 249
0173 353.5 155.0 213 264
0173 129.5 239.0 163 162
0203 123.5 152.0 155 262
0203 363.5 129.0 181 290
0318 357.0 155.5 194 269
0321 291.0 160.0 276 254
0794 120.0 21.0 186 246
0794 292.5 141.5 171 277
0723 235.0 244.0 164 142
1078 107.5 154.5 165 267
1078 359.5 122.0 187 296
0046 78.0 147.5 150 269
0046 419.5 133.0 193 286
0806 115.5 33.5 191 213
0261 369.5 17.5 61 177
0044 94.0 96.5 92 341
0044 421.5 139.5 191 277
0402 106.0 163.5 144 255
0402 288.5 193.0 271 222
1101 115.0 145.0 142 272
1101 389.5 137.0 169 282
0192 154.5 158.0 135 262
0998 174.5 158.0 133 264
0998 284.0 126.0 196 294
0174 152.0 220.5 122 177
0174 364.0 143.5 200 281
0776 270.5 166.0 265 248
0776 144.5 79.0 165 250
0472 436.5 143.5 191 281
0749 74.5 142.0 157 278
0379 393.5 135.5 215 287
0524 256.0 147.0 160 200
0524 164.0 299.5 74 129
0351 125.0 192.5 162 229
0351 359.5 138.5 201 277
0284 162.5 168.5 95 203
0284 425.5 283.0 199 180
1043 83.0 144.0 158 266
1043 355.5 179.5 201 245
0755 142.5 148.0 273 258
0293 65.0 175.5 126 223
0293 556.0 213.0 84 188
0817 414.5 142.5 203 285
0817 93.5 299.5 165 119
1099 122.5 149.5 133 271
1099 374.5 142.5 197 285
1163 235.0 216.5 270 207
0726 293.0 30.5 250 215
0726 211.0 230.5 84 179
0016 234.5 188.0 265 230
0016 71.5 148.5 185 273
0354 255.0 166.0 240 246
0531 336.5 181.5 191 239
0531 183.0 287.5 138 117
0883 122.0 146.5 166 275
0883 381.0 126.5 192 291
0911 83.5 154.0 171 264
0911 337.5 125.5 191 299
0085 220.0 195.0 204 238
0150 -15.0 113.0 252 236
0150 332.0 162.5 256 251
1063 250.5 110.5 257 307
1084 122.5 154.0 155 266
1084 375.0 125.0 196 296
1126 88.5 153.0 199 274
1126 262.0 125.5 234 317
0820 426.5 144.0 193 282
1016 136.0 145.0 148 268
1016 299.0 117.5 218 311
0050 279.5 148.0 257 270
0050 129.5 155.5 147 263
0012 87.0 180.5 174 237
0012 242.0 102.5 226 323
0937 116.5 150.0 169 264
0937 371.5 116.5 177 311
0069 160.5 156.5 129 265
1125 250.5 107.0 261 324
1125 73.5 176.0 191 246
0493 395.5 145.0 213 272
0493 59.0 201.5 198 207
0178 125.5 168.5 153 241
0178 322.5 140.0 225 288
0537 329.5 133.0 199 288
0537 157.5 206.5 157 209
0981 160.5 163.5 137 249
0158 28.5 124.0 169 202
0158 449.5 136.0 161 280
0477 434.5 135.0 195 284
1129 133.0 144.5 194 277
1129 320.5 270.0 161 154
0009 162.5 161.5 141 253
0009 302.0 122.0 202 294
0912 87.0 151.5 170 269
0387 390.5 136.5 225 283
0387 133.0 276.5 112 131
1018 304.5 246.5 201 197
0504 75.5 156.0 171 228
0315 201.5 43.0 151 230
0315 265.5 218.5 229 201
0055 135.5 151.5 153 269
1086 154.0 146.5 128 267
1086 292.5 134.5 253 291
0713 82.5 172.0 215 252
0713 398.5 155.5 155 255
0938 123.0 150.0 158 268
0938 384.5 119.0 173 302
0063 282.5 183.0 177 248
0063 151.5 171.5 133 253
0134 67.5 154.0 149 266
1050 107.5 157.5 145 261
1050 362.0 124.0 196 298
0034 400.5 138.0 203 282
0034 96.0 219.5 218 195
0772 145.5 169.0 235 240
0758 105.0 127.5 206 291
0758 476.5 190.5 153 249
1049 110.0 154.0 140 264
1049 379.0 136.5 186 293
0508 73.0 84.5 192 237
0027 108.5 151.5 197 273
0027 366.5 118.5 185 305
0024 122.0 154.0 168 268
0024 339.0 122.5 188 299
0022 98.0 147.0 186 274
1033 123.5 152.0 153 260
1033 356.0 135.0 216 286
0169 320.5 156.5 183 261
0281 209.0 176.5 90 209
0918 70.5 161.5 167 251
0918 313.0 132.5 202 283
1057 115.0 214.0 214 202
1057 381.5 119.5 165 307
0471 427.5 137.0 201 290
0964 119.5 155.0 269 250
0964 399.5 139.5 211 277
1067 241.5 114.0 239 312
0404 123.5 173.5 157 249
0404 316.0 185.0 238 232
0951 138.0 160.0 146 260
0951 389.0 143.5 216 277
1019 208.0 155.0 122 262
0245 140.0 220.0 160 194
0245 369.5 138.0 173 284
0426 106.5 157.5 167 261
0426 359.5 116.0 133 304
0348 374.5 136.5 199 279
0339 363.0 122.0 218 314
0094 255.0 197.0 318 256
0225 89.5 153.0 169 268
0225 410.0 130.0 200 292
1055 115.0 206.5 212 211
1055 360.5 104.5 185 323
0342 375.0 145.0 222 276
0342 33.5 300.0 203 106
0917 135.0 150.5 150 261
0917 339.5 125.5 151 297
0165 342.5 174.0 253 224
0216 145.0 159.5 146 261
0216 377.0 133.0 204 290
0194 155.0 195.5 218 227
0445 335.0 119.0 204 314
0457 367.0 145.0 212 278
0770 99.0 151.0 244 252
0770 355.5 146.5 203 267
0855 234.0 207.5 288 219
0855 106.0 152.0 168 266
1024 146.5 166.5 145 267
1024 361.5 213.5 181 203
1156 175.5 167.5 193 241
1156 373.0 138.0 184 284
0080 313.5 188.5 191 241
0803 143.0 56.0 140 216
0803 325.5 160.0 159 256
0782 155.0 28.0 220 196
0782 318.0 156.5 188 261
1039 137.0 159.5 150 249
1039 329.5 180.5 197 243
0924 106.0 150.0 160 272
0924 307.5 116.0 201 308
0025 128.0 151.0 162 274
0025 356.0 119.5 190 303
0688 127.5 148.5 181 267
0688 274.5 209.0 203 204
0464 396.5 152.5 209 263
0464 4.5 343.5 243 111
0412 148.5 159.5 141 261
0412 342.0 121.5 184 301
0218 127.0 160.5 158 257
0218 387.5 119.0 195 300
0962 112.0 138.5 150 283
0962 415.0 129.0 190 292
0102 149.5 202.5 423 245
1089 261.0 157.0 188 262
0385 404.5 125.0 199 302
0914 96.0 147.0 168 272
0914 376.5 141.5 167 273
0513 146.0 179.0 330 248
0725 301.0 52.0 222 178
0793 304.0 130.0 146 292
0185 92.5 174.0 163 248
0185 331.5 134.0 159 280
0894 91.5 142.5 179 263
0894 407.0 139.5 210 285
0424 125.0 177.5 180 241
0424 300.0 143.5 204 271
0266 264.5 251.0 103 170
0266 334.5 24.0 157 138
0300 344.5 176.0 245 220
0300 69.5 203.5 117 195
0127 184.5 146.0 145 270
0298 56.0 205.5 120 189
0298 437.5 170.0 171 242
1095 114.5 150.0 147 272
1095 369.5 176.5 195 253
0349 142.5 250.5 149 191
0349 378.0 139.0 192 282
1006 97.0 150.0 158 266
0774 148.5 211.5 349 209
0110 167.5 207.0 297 228
1038 256.0 131.0 204 282
0124 198.0 160.0 138 254
0124 354.0 250.0 102 180
0541 179.5 116.0 159 308
0541 344.0 117.5 138 307
0076 240.5 153.0 249 270
1036 301.5 133.5 207 285
0263 268.5 204.0 137 206
0263 337.5 18.5 167 139
0771 127.5 168.5 223 239
0771 327.0 195.0 152 222
0056 141.5 154.5 169 263
0400 77.5 182.0 157 234
0400 237.0 213.0 286 200
0166 337.5 185.0 245 212
0166 16.0 292.0 228 120
0129 129.5 140.5 147 277
0976 135.0 234.5 238 173
0976 323.0 148.5 202 279
0013 250.5 117.5 205 299
0013 104.0 164.5 172 251
0161 37.5 176.5 157 185
0161 452.5 145.5 159 271
1053 106.5 209.0 195 206
1053 289.5 122.5 249 303
0136 54.5 167.0 263 234
0136 531.0 168.5 110 243
0138 75.5 158.0 221 260
0138 447.5 135.5 149 279
0489 48.0 203.0 182 216
0489 418.5 142.0 207 274
0010 170.0 160.5 138 251
0010 306.5 220.0 189 192
0698 152.5 137.0 141 282
0698 375.0 143.0 174 280
1009 274.0 139.0 206 280
1009 125.0 161.5 160 255
0450 347.0 146.0 210 274
0304 336.0 168.0 192 246
0304 91.0 189.0 138 226
0807 107.5 38.0 203 202
0807 332.5 159.5 173 259
0773 166.5 193.0 231 186
0824 360.0 122.0 232 304
1159 177.0 150.0 126 266
1159 349.5 141.5 205 275
1066 252.0 115.5 216 313
0060 184.0 142.5 262 269
0742 114.0 142.0 128 278
0193 173.5 179.0 189 242
0007 287.5 148.5 261 271
0007 132.5 157.5 153 263
0893 80.0 144.5 156 275
0893 409.0 125.5 204 301
0157 15.0 96.5 192 225
0157 414.0 132.5 208 291
0458 379.0 138.0 200 284
0217 134.0 162.0 150 256
0217 377.0 135.0 198 290
0202 117.0 143.0 146 282
0202 349.0 123.5 202 295
0835 209.0 182.0 306 250
0519 251.0 220.0 162 206
0312 191.5 163.0 129 248
1122 139.5 149.5 145 265
0700 239.5 142.5 123 265
0700 340.5 124.5 189 295
0277 263.5 196.0 93 188
0277 358.0 354.0 202 118
0709 80.5 134.0 205 300
0709 372.0 119.0 172 294
0670 294.0 117.5 188 297
0670 159.5 199.5 153 235
0735 165.0 173.5 188 253
0440 140.0 167.5 138 247
0440 358.0 148.5 192 275
1102 109.0 141.0 146 274
1102 378.5 138.0 189 282
0372 88.5 249.0 269 174
1005 92.0 145.5 168 273
1005 359.0 120.0 188 296
0113 193.0 167.0 152 248
0236 174.5 152.0 165 266
0236 345.5 142.5 211 271
1051 95.5 149.5 171 275
1051 327.5 125.0 217 294
0447 327.0 125.5 212 311
0486 71.5 257.0 173 160
0486 400.0 145.5 202 263
0830 124.5 212.0 159 196
0830 306.5 132.0 255 310
1047 100.5 160.0 151 254
1047 378.5 145.5 191 281
0317 214.5 98.5 189 187
0995 148.0 158.5 146 259
0995 350.0 120.5 210 299
1025 132.5 147.0 121 272
1025 369.0 205.0 164 208
0767 62.5 163.0 153 250
0767 445.0 145.5 176 277
0132 71.5 151.5 161 269
1040 97.5 152.0 169 260
1040 346.0 182.5 216 245
1108 148.0 146.5 218 263
1108 359.5 143.5 179 277
0861 147.5 156.0 175 264
0145 264.0 160.0 208 258
0145 95.5 165.5 145 267
1117 149.5 204.0 209 216
1117 350.5 122.5 207 301
0052 159.0 160.0 138 258
0784 155.0 36.5 210 187
0784 333.5 149.0 165 262
0172 128.0 248.5 156 155
0172 347.5 149.5 215 267
0257 240.5 134.5 259 273
0230 101.0 159.0 268 248
0230 406.0 143.0 204 276
0973 136.5 238.0 247 170
0973 369.5 142.5 213 285
0944 108.0 141.0 186 276
0944 390.5 133.5 217 287
0963 100.5 147.0 211 262
0963 417.5 132.5 185 285
0071 199.5 128.0 247 296
1072 124.0 154.0 190 264
1072 292.0 186.5 182 229
0417 247.0 182.5 262 245
0242 111.0 152.0 184 260
0242 382.0 133.0 172 282
0073 261.5 137.5 225 291
1068 157.5 153.5 161 269
0361 125.0 71.5 196 213
0361 215.0 215.0 292 196
0860 166.0 153.5 168 257
1092 391.5 176.0 167 250
1092 140.0 176.0 186 250
0505 33.5 125.0 253 226
0869 169.5 149.5 173 267
0831 129.0 207.5 156 207
0831 311.0 121.0 238 310
0167 316.0 201.0 198 202
0148 299.0 168.0 228 240
0148 6.0 159.5 174 239
0969 116.5 226.5 181 187
0969 393.5 127.0 177 292
0416 159.0 215.5 194 201
0727 298.0 30.5 224 251
0727 202.0 211.0 100 192
1109 141.5 157.5 229 255
1109 378.0 136.0 178 288
0760 89.5 138.5 167 279
0760 456.5 250.5 183 175
0868 165.5 149.5 147 263
1077 102.5 146.5 173 279
1077 322.5 121.5 215 299
0492 421.5 135.5 193 285
0492 54.0 199.0 200 218
0985 49.0 140.0 188 288
0985 227.0 157.5 256 255
0142 67.0 150.5 232 273
0142 314.5 184.0 197 230
0943 126.0 157.0 134 266
0943 386.0 122.5 194 295
0540 143.5 214.0 187 202
0540 325.0 141.0 192 278
0221 119.5 156.5 163 261
0221 389.5 143.0 217 274
0162 34.0 206.5 164 165
0162 455.0 147.0 144 268
0241 109.0 144.0 194 266
0241 383.5 134.5 169 285
1031 145.0 161.0 128 248
1031 364.5 118.5 195 307
0369 101.5 134.5 223 193
0369 358.0 118.5 186 299
0961 92.0 154.5 156 269
0961 418.0 135.5 190 281
0844 104.0 162.5 174 257
0844 372.0 134.5 200 287
1137 30.0 157.5 174 263
1137 271.5 150.5 293 273
1073 116.5 155.0 205 264
1073 293.5 145.5 185 275
0460 381.5 136.0 207 288
0314 174.5 64.0 167 216
0314 246.0 205.5 270 211
0309 266.0 146.0 188 278
0390 269.5 126.0 287 286
0390 108.5 218.0 149 196
1048 107.5 159.5 141 257
1048 376.5 139.0 195 286
0852 133.5 181.5 191 237
0087 195.5 196.0 243 224
0276 263.0 199.5 100 183
0276 389.0 349.0 142 106
1035 174.5 136.0 115 274
1035 327.0 130.5 218 289
0699 211.0 144.5 142 269
0699 376.0 129.5 170 287
1134 78.0 183.5 174 229
1134 215.0 158.5 278 257
0018 125.5 152.0 183 268
0285 155.5 153.0 89 230
0285 425.5 273.0 203 198
1150 64.5 151.5 245 255
1150 468.0 137.0 160 282
0762 59.5 140.5 163 277
0762 443.0 182.0 178 242
0190 131.0 152.5 156 265
0048 90.0 151.5 150 267
0048 349.0 140.0 222 274
0223 107.5 161.5 161 257
0223 394.5 148.0 211 266
0272 319.5 213.5 89 217
0272 365.0 95.0 118 186
0960 94.0 156.5 166 269
0960 401.0 136.5 204 281
0942 123.5 155.0 137 268
0942 380.5 106.5 195 319
0738 139.5 154.0 129 268
1132 164.0 154.0 140 262
0171 342.5 165.0 215 246
0115 176.5 153.0 147 258
0370 91.5 183.5 255 181
0370 359.5 116.5 193 305
0487 71.0 241.0 172 166
0487 405.5 136.5 189 271
0139 101.0 164.0 164 246
0139 424.0 135.0 176 284
0196 144.5 153.5 173 263
0196 318.5 123.0 173 294
0406 137.5 157.5 149 261
0406 355.5 154.0 193 262
0155 19.0 96.0 198 226
0155 386.5 137.0 229 284
1045 92.5 155.5 151 259
1045 363.0 157.0 198 266
0906 124.0 136.0 160 284
0906 282.0 107.5 206 321
0306 139.5 162.5 155 251
0306 259.5 146.0 217 272
0902 221.0 155.0 278 260
0449 329.5 156.0 241 256
1087 172.0 145.5 118 275
1087 316.5 149.0 177 276
0175 152.0 212.0 122 188
0175 360.5 151.0 211 264
0703 237.5 114.0 261 310
0946 104.0 155.0 212 260
0946 394.0 142.0 210 272
0739 125.0 144.0 132 274
1090 200.0 172.5 260 253
0717 227.0 176.5 144 249
0717 381.5 182.5 173 231
0059 153.5 162.5 167 247
0675 148.5 139.5 161 291
1079 125.0 147.5 150 271
1079 367.0 115.5 184 307
0967 132.0 207.5 174 205
0967 381.5 130.0 197 290
0430 135.5 149.5 161 269
0430 315.0 48.0 170 390
0539 143.0 210.0 184 204
0539 337.0 129.5 172 297
1151 96.5 158.0 251 256
1151 430.0 131.0 196 298
0497 298.5 142.5 263 277
0497 100.0 138.5 164 279
0439 109.5 145.5 159 279
0439 326.5 159.0 211 260
1065 265.5 129.0 209 282
0220 125.0 164.0 156 252
0220 384.5 117.5 187 301
0283 154.0 164.5 136 217
0283 407.5 270.5 205 181
0673 248.5 111.0 209 312
0903 245.5 137.5 261 289
0903 138.5 151.0 127 268
0693 101.5 149.0 179 278
0693 305.0 189.0 228 226
0672 216.5 114.0 233 312
0067 164.5 204.5 215 207
0384 137.5 289.5 183 109
0384 412.5 137.0 199 282
0802 299.5 163.0 163 246
0802 184.0 68.5 160 201
0197 112.5 154.5 157 263
0197 305.0 129.5 200 285
0278 248.0 180.5 106 209
0140 346.0 140.5 252 267
0140 33.5 165.0 161 240
0884 119.0 138.5 192 275
0884 369.0 125.0 216 292
0462 390.5 151.0 213 262
0462 6.0 341.5 262 113
0930 92.0 162.0 222 252
0930 288.5 139.5 179 273
0970 129.0 226.5 164 189
0970 387.5 124.5 191 293
0008 288.0 145.5 232 269
0008 146.5 158.5 145 259
0929 168.5 154.0 171 264
0929 296.0 286.0 174 120
0328 323.5 177.0 209 244
0328 36.0 344.0 164 78
1069 150.0 151.0 164 264
0382 405.5 145.5 201 273
0382 196.5 301.0 167 102
0684 120.0 149.0 164 270
0684 356.5 64.0 137 364
0665 363.5 130.0 211 284
0665 113.5 139.5 181 299
1022 173.5 156.0 173 266
1022 344.5 126.5 171 303
0503 58.0 162.0 160 240
0503 236.0 118.5 246 247
0028 106.0 186.0 208 234
0028 361.0 111.5 190 313
0208 130.0 164.5 146 251
0208 375.0 133.5 216 291
0331 352.0 146.0 202 270
0389 359.0 136.0 224 284
0389 130.0 236.5 108 171
0763 64.0 144.5 154 275
0763 440.0 154.0 184 272
0778 284.5 162.5 265 253
0270 329.0 53.5 156 151
0270 337.0 236.5 74 177
0126 187.0 142.5 142 275
0210 113.0 153.0 158 268
0210 377.5 135.0 217 288
0422 150.5 144.0 167 276
0251 211.0 196.0 234 216
0251 127.0 299.0 116 112
0183 282.0 128.5 204 293
0183 74.5 189.0 157 218
1130 146.5 161.0 165 258
1130 319.5 173.0 139 260
0996 154.5 165.0 135 250
0996 342.5 131.5 217 289
0847 126.5 157.0 171 262
0867 282.0 55.0 188 390
0867 149.0 151.0 144 258
0271 335.0 223.0 78 198
0271 330.0 71.0 160 174
0974 147.5 230.5 231 175
0974 371.5 146.5 195 279
0965 125.0 152.0 218 258
0965 390.5 138.5 217 283
0352 215.5 139.0 311 278
0921 310.5 120.5 183 297
0921 82.5 163.0 151 254
0326 333.5 176.5 197 245
0928 170.0 149.5 136 271
0296 58.5 212.0 119 180
0296 468.5 163.5 137 251
1011 54.5 152.5 211 261
0977 134.5 212.5 209 197
0977 309.0 159.5 202 259
0680 72.0 159.5 194 261
0680 324.0 134.0 168 280
0143 297.0 231.5 234 187
0143 89.5 174.0 175 252
0212 107.5 153.5 221 265
0212 391.0 134.0 182 282
0681 94.0 157.0 182 264
0681 337.5 121.0 157 298
0724 332.5 82.0 175 146
0141 327.5 140.0 275 264
0141 50.0 169.5 136 239
0323 281.0 151.0 276 274
0744 101.5 137.0 141 280
0744 355.5 184.0 239 210
0454 356.0 146.5 228 273
1088 211.5 173.0 227 258
0535 336.5 142.5 195 283
0535 182.5 235.5 115 179
0438 108.5 151.0 161 272
0438 328.0 173.5 212 251
0152 -10.0 95.5 242 233
0152 356.0 149.5 254 271
0476 461.0 145.5 172 271
0966 131.0 191.0 202 224
0966 392.5 144.0 211 276
0478 431.0 130.5 198 289
0478 73.5 268.5 83 143
0997 165.0 162.0 140 254
0997 299.5 118.5 217 297
0789 150.5 112.5 139 233
0789 270.5 128.5 211 285
0107 178.0 215.0 158 204
0879 112.5 151.0 155 272
0879 364.0 133.5 200 287
0200 114.0 147.5 154 273
0200 340.5 125.5 185 291
1060 122.0 207.0 204 212
1060 367.5 126.0 183 296
0785 160.0 36.5 196 199
0367 313.0 148.5 214 273
0367 177.0 56.0 170 206
1034 156.0 145.5 126 265
1034 347.0 140.5 208 275
0474 440.0 137.5 186 283
0133 63.5 154.0 157 268
0857 127.5 160.0 191 256
1157 180.5 153.5 187 259
1157 370.0 138.5 180 279
0045 86.0 144.5 134 269
0045 435.5 135.5 183 283
0170 323.0 149.0 214 274
0711 77.5 152.0 203 278
0711 376.5 127.0 159 296
1145 63.0 176.5 158 243
1145 428.5 137.0 197 286
0756 127.0 138.5 252 277
0678 126.5 146.5 195 273
0678 304.5 188.0 193 232
0978 252.0 138.5 252 281
0502 195.0 180.5 266 237
0419 212.5 207.5 315 221
0759 96.5 132.0 169 284
0759 475.0 267.0 154 158
0393 306.5 190.5 189 225
0393 123.0 208.5 178 207
1113 123.5 142.0 163 274
0291 34.0 180.0 196 214
0691 284.5 195.0 237 224
0691 81.5 157.5 191 263
0715 111.5 184.0 215 234
0715 402.5 156.5 147 259
0038 375.0 138.5 210 277
0038 118.5 133.5 131 287
0358 219.0 134.5 226 277
0469 418.0 132.5 206 291
0866 306.5 65.0 187 364
0866 130.5 143.0 153 272
0204 132.5 153.5 145 265
0204 363.5 123.0 187 300
0118 224.5 167.5 163 201
0041 133.0 131.0 88 274
0041 394.0 142.5 216 277
0838 176.5 234.0 129 180
0838 376.5 182.0 169 240
0414 149.5 208.0 203 210
0414 329.0 119.0 172 308
0006 133.5 158.5 147 261
0006 308.0 147.0 244 272
0455 362.5 144.5 227 279
0837 179.5 220.5 165 205
0837 371.5 184.0 161 232
0286 133.5 152.0 89 228
1124 133.5 157.0 347 266
0068 159.5 187.0 243 240
0198 104.5 158.0 163 260
0198 311.5 135.5 199 283
0214 153.5 156.0 153 264
0214 370.0 130.5 224 295
0734 346.0 247.5 166 225
0017 101.5 147.0 173 272
0017 235.0 205.0 284 226
0249 220.0 173.5 224 253
0916 124.5 144.5 157 273
0818 424.5 146.0 201 278
1167 170.0 88.0 138 332
1167 363.5 149.0 189 274
0721 287.5 131.5 183 195
0388 386.0 130.0 194 296
0388 135.5 241.0 103 172
0716 207.0 174.5 150 259
0716 375.0 169.5 166 243
0722 228.0 233.0 204 176
0931 60.0 158.5 252 257
0931 283.0 123.0 206 288
0980 249.5 132.0 235 284
0302 333.0 188.5 228 219
0302 71.5 200.0 137 204
0040 135.0 137.5 158 275
0040 393.0 137.5 184 281
0391 262.0 146.0 294 262
0391 111.0 214.5 154 203
0990 129.0 147.5 166 277
0990 314.5 140.0 243 280
0849 153.0 160.0 144 254
0849 260.0 105.5 252 317
0019 138.5 151.5 179 261
0746 83.5 142.0 147 272
0746 361.0 228.0 280 168
0498 128.0 152.0 154 264
0498 324.5 155.5 193 263
0149 1.5 131.5 205 233
0149 297.5 162.0 253 246
1104 287.0 124.0 238 298
1104 123.0 155.0 152 258
0037 352.0 139.5 238 273
0037 131.0 144.5 152 273
0366 309.0 162.0 216 252
0366 172.0 46.0 180 214
1028 136.5 147.5 127 263
1028 371.0 119.0 182 310
1097 112.5 151.0 135 268
1097 350.5 182.5 227 241
0112 189.0 187.0 162 236
0514 117.5 223.5 291 195
1013 268.0 159.5 202 263
1013 63.5 162.0 217 252
1161 336.0 123.5 198 305
1161 199.5 149.0 127 272
0871 298.0 201.0 208 222
0871 87.5 185.0 155 228
1030 150.5 157.5 125 255
1030 370.5 127.0 187 296
0528 342.5 182.0 181 236
0836 183.0 225.5 200 195
0234 175.0 152.5 180 265
0234 363.0 139.0 186 278
0509 101.5 90.0 235 224
0986 60.5 121.0 211 302
0986 245.5 151.0 263 266
0534 197.5 242.5 105 171
0534 335.0 147.5 204 273
0128 161.5 142.5 143 283
0086 138.0 185.5 256 233
0882 117.0 149.0 148 274
0882 376.5 128.0 195 288
0518 235.0 240.5 276 201
0701 261.0 144.5 102 253
0907 149.5 146.5 149 273
0029 357.5 118.5 201 307
0029 102.0 206.5 214 215
0078 321.0 158.5 172 265
0346 372.0 129.5 212 293
0346 141.5 267.5 125 141
0301 322.5 200.5 251 199
0301 64.0 197.0 132 206
0229 105.5 145.0 191 268
0229 404.0 124.5 224 311
0097 243.0 251.0 344 210
0207 135.0 162.5 140 255
0207 366.5 131.0 213 298
1152 125.0 153.0 218 262
1152 409.5 142.5 209 275
1155 159.0 167.5 216 245
1155 378.5 138.0 189 288
0311 206.5 140.0 241 278
1100 118.5 154.5 137 267
1100 366.0 143.5 198 285
0340 354.5 135.0 253 284
0340 40.5 342.0 241 64
0671 280.0 132.0 172 282
0671 160.5 221.0 151 206
1139 37.0 162.0 172 252
1139 352.5 145.0 231 284
0363 117.0 22.0 238 234
0363 260.0 204.0 292 212
0910 78.0 153.0 166 266
0910 306.5 123.0 217 300
0153 1.0 101.0 210 224
0153 354.0 147.0 254 272
0237 182.5 153.0 187 258
0765 62.0 160.0 146 256
0765 479.0 151.5 146 265
0731 192.5 161.5 167 245
0731 339.5 155.5 143 263
0219 125.5 161.5 157 257
0219 383.0 120.0 196 298
1008 108.0 151.0 156 264
1008 376.5 121.5 163 297
0813 68.5 132.5 177 187
0813 405.5 145.0 187 268
0992 137.0 150.5 166 269
0992 353.0 127.5 192 295
0054 164.5 154.5 145 265
0495 284.0 143.0 298 262
0495 80.5 160.0 181 260
0805 134.0 60.0 164 198
1082 121.0 151.5 158 265
1082 385.0 130.0 182 292
0745 90.5 142.0 143 276
0745 357.0 222.5 284 187
0235 171.5 155.0 175 266
0235 354.5 149.0 201 270
0004 129.5 153.5 143 267
0004 365.5 125.0 217 296
0925 125.5 153.0 153 264
1007 103.5 150.5 159 265
1007 379.5 133.5 159 281
1064 260.5 121.0 229 292
0248 234.0 168.0 204 262
0248 81.0 236.0 194 204
1000 83.5 178.0 181 244
1000 265.5 115.0 227 308
1173 154.0 143.5 140 269
1173 311.5 129.0 205 288
0757 120.0 133.5 196 281
0757 465.5 179.0 173 268
0533 336.0 151.0 192 270
0533 203.5 245.0 103 160
0696 120.5 146.0 163 272
0696 335.5 158.5 201 261
1127 115.0 150.0 186 276
1127 326.0 180.5 180 261
0020 155.5 149.0 159 270
0020 299.0 156.0 162 256
0666 117.0 164.0 176 276
0666 374.0 118.0 184 304
0209 131.0 165.0 140 254
0209 375.0 134.0 216 290
0252 244.0 132.5 170 225
0896 150.5 147.5 135 265
0896 394.5 145.5 209 273
0764 446.5 148.5 171 277
0764 65.0 156.5 148 261
0187 320.0 146.0 192 278
0187 112.0 152.0 160 266
1074 115.0 176.5 186 243
1074 278.5 129.0 213 284
0682 116.0 157.5 170 261
0682 367.0 114.5 126 305
0975 142.5 235.5 235 177
0975 359.5 151.5 187 267
1147 69.0 178.0 148 242
1147 442.0 136.0 186 288
0423 138.0 143.5 182 273
0423 297.0 136.0 180 276
0101 145.5 192.0 451 268
0491 422.5 140.0 207 284
0491 48.0 203.0 186 214
1094 133.5 170.0 153 242
1052 97.0 157.0 172 266
1052 350.5 115.5 169 315
0294 60.5 206.0 119 186
0294 518.0 189.5 106 229
1107 150.5 145.5 203 265
0015 82.0 156.0 174 258
0015 297.5 137.5 165 281
0308 274.0 143.5 222 279
0308 164.5 190.5 143 225
0991 130.5 145.5 167 277
0991 340.5 144.5 217 271
0768 65.0 151.5 154 263
0768 431.5 145.0 179 278
0845 109.5 150.5 185 271
0845 372.5 134.5 181 283
0994 145.5 147.0 153 272
0994 355.0 116.5 160 307
1116 142.0 187.0 192 238
1116 361.5 131.0 191 292
0920 299.0 114.5 224 301
0920 54.5 177.0 173 246
0247 288.5 138.0 245 280
0247 125.0 210.0 160 210
0730 339.5 109.0 165 284
0730 222.0 145.0 128 274
0160 23.5 154.0 167 194
0160 452.0 136.0 158 282
0468 425.0 135.0 180 288
1105 127.0 154.5 156 265
1105 284.0 110.0 238 314
0114 189.0 165.5 134 245
0244 110.0 145.0 162 274
0244 374.5 140.0 167 282
1172 148.0 116.0 148 302
1172 336.5 120.0 175 306
0399 69.5 175.0 143 248
0399 211.5 209.0 295 208
0947 124.5 151.0 207 270
0947 401.0 137.0 202 278
0677 137.0 145.5 180 277
0677 286.5 183.0 195 238
0958 107.5 153.0 155 266
0958 392.5 140.0 219 276
0674 260.0 185.0 234 252
1093 134.0 172.5 176 253
1093 369.5 185.5 193 241
0267 272.5 256.0 131 158
0267 339.5 49.0 83 134
0299 57.5 206.5 121 191
0299 420.5 177.5 181 221
0429 131.0 154.0 160 266
0429 312.0 50.5 180 395
0274 282.5 200.0 167 200
0839 174.0 229.0 106 186
0839 371.5 176.5 183 251
0525 343.5 166.5 161 247
0694 110.5 146.5 163 281
0694 329.5 184.5 207 233
0180 118.5 184.0 173 228
0180 311.0 124.5 202 299
0011 143.5 172.0 173 240
0111 204.5 189.0 327 246
0826 361.0 114.0 204 318
0239 125.5 156.5 261 257
0239 397.0 124.5 170 301
1142 51.5 148.5 167 271
1142 400.0 146.5 198 277
0375 377.5 142.5 209 281
1110 129.0 143.0 218 274
0908 82.5 184.0 165 234
0908 251.5 129.5 241 297
0064 167.0 182.5 132 235
0791 255.0 128.0 224 286
0434 79.0 157.5 176 259
0434 273.5 198.0 225 218
0686 139.0 150.0 164 268
0686 293.5 112.5 187 305
0322 288.0 160.0 270 260
0667 130.0 173.5 160 269
0667 325.5 92.0 199 348
0761 85.0 135.5 154 281
0761 453.0 247.5 186 179
1059 121.0 217.0 206 200
1059 382.5 114.5 163 309
0357 178.0 122.0 186 252
1021 165.5 148.5 195 277
1021 328.0 122.0 186 302
0117 237.0 153.5 138 237
0705 149.0 151.5 146 277
0705 351.5 105.0 169 316
0395 138.5 217.5 159 193
0395 269.5 228.0 205 186
0804 134.5 57.0 153 210
0804 321.0 158.5 174 257
0376 375.0 135.0 220 286
0049 265.0 141.0 296 270
0049 112.5 155.5 133 265
0098 162.0 185.0 430 282
1165 233.0 165.5 146 249
0856 120.5 154.5 171 265
1004 95.5 149.5 163 273
0345 97.0 251.0 162 148
0345 387.0 129.5 188 297
0490 50.0 198.5 178 221
0490 412.5 136.0 219 284
0355 153.0 123.0 162 234
0355 276.0 192.0 186 232
1042 83.5 148.5 159 265
1042 354.0 180.5 198 243
1002 78.5 162.0 165 252
1002 321.0 113.5 188 311
0316 177.5 48.0 151 218
0316 247.0 192.5 248 225
1174 296.5 133.5 211 283
1174 161.0 141.5 134 271
0205 131.0 154.5 148 265
0205 365.0 115.5 192 309
0851 176.5 164.5 131 249
0851 284.0 132.0 198 288
0712 85.0 178.0 200 248
0712 390.5 136.5 155 281
0443 372.5 137.0 177 290
0443 124.0 217.0 160 190
0341 365.5 141.0 233 284
0706 149.5 144.0 147 282
0706 354.0 106.0 162 316
0327 331.0 175.5 204 247
0378 406.5 137.0 201 286
1133 266.5 196.5 187 217
1062 276.5 100.5 219 333
1169 135.5 81.5 157 343
1169 340.0 144.5 180 281
0397 134.5 169.0 165 244
0425 93.5 155.0 179 270
0425 313.0 134.0 190 282
0483 357.5 207.0 225 206
0483 128.5 270.0 121 144
0310 225.5 207.0 163 204
1075 75.5 156.0 199 264
1075 305.5 119.5 205 307
0488 48.5 205.0 187 214
0488 413.5 141.5 197 271
0023 114.0 150.0 184 270
0023 325.5 131.0 187 288
0904 268.5 134.0 229 288
0904 140.0 160.5 134 253
1010 228.0 158.5 204 259
0843 96.5 207.0 171 216
0843 378.5 148.5 185 277
0099 209.0 217.0 390 256
0332 345.0 139.0 182 278
0324 291.0 150.0 256 280
0669 257.5 115.5 247 311
0353 223.0 151.5 298 263
1014 256.0 109.0 250 326
1014 81.0 157.5 200 261
1020 242.0 147.0 228 270
0692 97.5 153.0 177 268
0692 292.5 188.5 237 227
0989 118.5 151.5 171 269
0989 303.5 147.0 257 270
0499 134.0 160.0 154 254
0499 330.5 160.5 163 253
1168 143.5 83.0 157 340
1168 353.0 157.5 194 255
1070 153.5 149.0 161 264
0077 277.5 177.5 197 245
0164 347.5 174.0 257 224
0950 146.5 157.0 143 262
0950 397.5 141.0 203 272
0679 119.5 155.0 177 266
0679 314.5 129.0 177 280
0392 276.5 148.5 257 275
0392 119.0 219.0 174 188
0878 360.5 157.0 207 254
0878 110.5 163.5 155 255
0695 116.5 148.0 171 274
0695 329.0 177.5 214 243
0292 76.5 193.0 115 194
0292 563.5 242.0 75 200
0527 353.0 182.5 168 235
0021 87.5 151.0 195 270
0021 258.5 131.5 235 287
0307 256.5 147.0 231 266
0870 103.5 183.5 137 233
1037 211.5 150.5 121 263
0381 400.5 144.0 213 278
0381 193.0 299.0 176 112
0195 175.0 162.0 192 250
0413 158.5 158.5 131 259
0413 328.0 117.0 202 302
0792 277.0 160.0 178 248
0427 123.0 156.5 162 261
0427 391.0 230.5 90 183
1091 196.5 174.5 247 257
0336 358.5 135.0 215 300
0795 280.5 171.5 183 255
1121 151.5 176.0 157 248
1121 281.0 181.5 158 243
0704 362.0 102.0 148 322
0704 156.5 141.5 151 293
0290 32.5 180.5 191 211
0051 308.5 157.0 201 266
0051 143.5 160.0 145 258
1160 198.5 121.0 103 322
1160 351.5 135.5 195 287
0889 72.0 134.0 168 280
0781 158.0 28.5 210 181
0781 316.0 166.0 196 242
0530 332.5 183.5 197 237
0530 178.5 297.5 149 105
1054 117.0 208.0 194 208
1054 322.5 102.5 217 325
0459 375.0 139.0 206 288
0459 5.0 344.5 262 105
0874 107.5 180.5 145 237
0874 334.0 187.0 204 226
0496 275.0 133.0 302 276
0496 92.0 145.0 166 274
0258 230.5 88.5 259 307
0373 370.5 137.0 201 284
0269 337.5 41.0 137 156
0269 319.5 262.5 107 147
0254 308.0 141.5 142 287
0500 153.0 160.0 138 256
0500 343.5 204.5 107 193
0840 157.0 216.0 110 186
0840 369.5 157.5 187 265
0365 123.0 35.0 226 204
0365 283.0 178.0 248 242
0542 180.0 136.5 148 277
0542 319.0 120.5 178 297
0401 99.0 178.0 144 242
0401 263.0 200.5 312 211
0262 281.0 234.0 110 178
0262 368.5 13.0 59 178
0053 172.5 160.0 137 252
0053 284.0 196.0 156 232
1083 125.0 151.5 152 265
1083 377.5 126.0 187 296
0360 139.5 73.5 175 253
0748 76.5 150.5 151 271
0084 231.0 178.5 258 223
0750 83.0 138.5 178 285
0043 399.5 143.5 211 273
0043 82.5 123.5 121 287
0431 144.5 158.5 187 255
0163 399.5 167.5 213 227
0163 35.0 273.5 174 131
0144 86.0 168.5 176 259
0945 389.5 140.5 217 273
0945 99.0 150.5 206 261
0899 347.5 141.0 217 282
0899 157.0 150.5 220 273
0702 253.0 136.5 234 279
0532 334.5 154.0 193 268
0532 194.5 252.0 117 150
0186 100.5 155.5 169 261
0186 331.0 131.0 166 292
0506 69.0 113.5 228 229
1096 112.0 155.5 130 267
0747 82.5 144.0 145 274
0512 149.5 168.0 341 274
0841 133.0 221.0 150 196
0032 378.0 139.0 208 278
0032 104.5 201.0 209 218
0529 339.5 184.0 187 234
0888 76.0 123.0 178 288
0888 404.5 149.0 215 274
0176 119.0 212.5 164 193
0176 342.0 153.5 228 267
0224 90.5 156.0 179 266
0224 404.5 144.0 197 270
0264 274.0 259.5 102 155
0135 61.0 151.5 186 259
0135 563.0 211.0 78 226
0473 437.5 150.0 191 268
0933 80.0 148.0 210 268
0933 314.0 118.0 194 302
0168 294.0 192.0 182 218
1076 88.0 151.5 186 273
1076 319.0 127.5 214 289
0834 224.5 188.5 263 229
0825 370.0 128.0 196 302
0428 123.0 157.0 160 262
0428 365.5 230.0 123 178
0736 154.0 159.0 166 256
1119 253.0 134.0 240 296
0984 103.5 156.5 163 259
1143 68.0 160.5 148 257
1143 411.0 121.5 198 311
0075 221.5 145.0 185 278
0897 165.0 153.5 226 269
0897 397.0 146.5 202 267
0523 235.0 166.5 204 229
0858 138.0 157.5 240 261
0812 86.0 100.5 178 183
0812 404.5 141.0 155 284
0420 146.5 148.5 157 267
0420 289.0 219.0 226 200
0876 107.0 174.0 160 248
0876 349.5 168.0 201 240
0189 131.5 150.5 151 267
0189 250.5 188.5 273 243
0877 113.0 175.0 152 248
0877 358.0 160.5 202 251
0433 78.5 162.0 201 258
0433 263.0 217.5 234 199
0875 112.0 164.5 152 255
0875 347.5 181.5 203 241
0865 121.5 150.5 159 261
0865 340.5 124.0 153 288
0137 63.5 168.5 275 229
0137 496.0 159.5 128 255
0714 105.0 165.5 196 251
0714 400.5 155.5 143 255
0890 74.0 133.5 164 281
0890 410.0 148.0 202 274
0334 351.5 138.5 219 289
0334 59.0 283.5 234 121
0952 375.5 138.0 219 280
0952 131.0 181.0 150 238
0320 298.5 161.0 267 256
1149 66.5 154.0 203 260
1149 471.5 135.0 155 284
0362 123.5 48.0 223 218
0362 228.0 201.0 300 210
1123 176.5 156.0 289 264
0033 399.0 135.0 208 284
0033 103.0 222.5 206 193
0821 400.0 159.0 218 258
1080 112.5 148.5 159 277
1080 387.5 125.0 161 296
0854 236.5 190.0 279 234
0854 85.0 159.0 188 260
1112 124.0 145.5 174 269
1112 387.0 136.0 160 284
0783 325.0 156.0 176 262
0797 125.5 31.0 209 212
0797 250.5 232.0 251 188
1118 310.0 124.0 240 294
1118 146.5 201.0 209 224
0751 77.5 143.5 227 261
0828 329.5 141.0 243 290
0828 121.0 236.0 162 164
0913 87.5 149.0 173 268
0913 360.0 137.0 190 272
0030 370.0 136.5 200 283
0030 111.0 208.5 206 207
0766 456.0 150.5 156 265
0766 60.5 162.5 143 251
0780 151.0 26.5 224 205
0780 289.0 153.0 234 262
1141 46.0 151.5 168 267
1141 373.0 140.0 226 292
0287 82.5 151.0 103 238
0177 112.0 188.5 160 219
0177 333.0 155.5 232 263
0265 274.5 255.5 97 161
0265 334.5 19.0 159 146
1140 39.0 153.0 166 266
1140 361.0 141.5 234 285
0707 119.5 145.0 169 266
0707 352.5 87.5 167 327
0880 112.5 148.0 155 274
0880 369.5 129.0 199 294
0846 124.5 194.5 157 225
0915 113.5 152.5 153 265
0728 179.5 190.5 143 229
0728 280.5 55.5 245 227
0873 326.0 189.0 212 228
0873 103.0 184.5 148 229
0268 281.0 254.5 140 161
0268 344.0 25.0 120 162
0859 160.0 157.5 158 257
0465 402.0 155.0 200 260
1154 141.0 162.0 236 244
1154 393.5 145.0 209 270
1015 292.0 110.5 230 317
1015 107.0 158.0 172 258
0926 138.5 151.5 153 263
1012 218.5 179.5 235 249
0816 21.0 191.5 230 177
0816 398.0 138.0 210 276
0371 91.0 182.5 262 201
0371 366.0 124.5 186 291
0403 111.0 174.0 150 250
0403 284.5 189.0 291 228
1166 187.5 75.0 149 354
1166 362.0 124.0 206 310
0932 65.5 152.0 235 266
0932 282.0 123.0 208 292
0819 430.5 147.5 199 277
0754 149.0 148.5 214 267
0895 104.5 146.0 175 266
0895 402.5 142.5 207 275
0536 166.0 211.5 142 203
0536 332.0 133.5 204 289
1103 113.5 145.5 149 271
1103 354.5 111.0 195 318
0949 152.0 161.5 144 257
0949 388.0 127.5 190 291
0226 85.5 152.5 173 273
0226 404.5 133.0 203 282
0953 132.0 158.0 146 264
0953 391.5 145.5 211 265
0275 274.0 200.5 100 199
0275 369.5 284.0 169 148
0948 134.0 149.0 178 274
0948 403.5 130.0 199 286
0475 435.0 135.0 190 288
0250 223.0 188.5 222 237
0350 377.5 127.0 197 294
0350 141.0 302.0 102 112
0005 130.0 156.0 142 268
0005 341.5 140.5 219 273
0222 111.0 159.0 158 260
0222 393.5 140.0 213 278
0364 120.0 23.5 220 229
0364 270.0 196.0 270 222
0368 180.0 84.5 158 217
0368 355.0 136.5 188 279
0456 371.5 139.0 213 288
0934 90.5 153.0 189 264
0335 358.0 138.5 222 293
0359 143.0 108.5 152 267
0832 139.0 206.5 196 211
0832 328.0 211.0 184 212
0809 83.0 60.5 210 183
0809 379.5 148.5 157 271
1175 278.0 125.0 216 292
1175 171.0 140.0 130 276
0181 104.0 192.0 166 216
0181 321.5 134.5 169 277
0305 113.0 164.0 138 252
0305 313.0 155.5 190 265
1056 118.0 214.0 208 200
1056 390.0 115.5 158 311
0329 325.0 176.5 204 243
0864 113.5 148.5 157 271
0864 378.5 193.5 95 227
0070 166.5 161.0 121 248
0418 155.0 199.0 348 232
0887 81.5 137.5 189 279
0887 406.5 144.0 203 282
0411 149.0 160.5 136 255
0411 369.5 114.0 179 308
0957 115.5 145.0 149 274
0957 381.5 121.0 203 296
0159 18.0 139.0 178 188
0159 443.0 137.0 164 282
0993 145.5 145.0 149 270
0993 355.5 130.5 187 283
0982 132.0 153.0 160 260
1046 95.0 156.0 154 254
1046 373.0 150.0 194 276
0959 96.5 152.5 163 275
0959 393.5 142.0 215 274
0708 93.5 137.5 189 281
0708 361.0 112.5 150 303
0850 246.5 107.5 271 317
0900 237.0 130.0 290 276
0446 325.0 133.0 212 290
0446 118.0 302.0 200 116
0481 377.5 198.5 199 217
0481 90.0 268.5 132 143
0842 89.0 207.0 182 216
0842 370.5 155.5 203 267
0885 93.0 141.0 318 274
0885 417.0 140.0 198 288
0146 263.0 159.0 222 260
0979 153.0 149.5 352 261
0405 327.5 160.5 219 259
0405 128.5 167.0 157 250
1044 363.0 178.5 196 243
1044 89.5 143.0 149 268
0737 141.5 155.5 155 263
0442 131.5 217.0 153 192
0442 374.5 130.5 177 295
1135 24.5 167.5 173 247
1135 223.0 161.5 308 277
0743 116.0 142.0 126 274
0014 130.5 151.0 163 270
0014 281.0 145.0 160 274
0480 387.5 185.5 187 231
0480 76.0 266.0 150 144
0479 416.5 151.5 195 275
0827 345.0 139.0 222 284
0827 143.5 242.0 123 158
0156 21.0 93.5 184 227
0156 389.5 128.5 231 293
0313 180.5 106.5 305 321
0484 353.0 197.5 212 213
0484 136.5 271.0 105 138
0279 228.5 174.5 125 209
0467 417.0 133.0 182 288
0732 219.5 151.0 117 262
0848 139.0 156.5 148 261
0848 294.0 126.5 240 293
0919 289.5 79.0 243 348
0919 40.5 181.0 185 238
1085 126.0 155.5 148 263
1085 377.5 129.0 179 294
1026 133.5 140.0 121 282
1026 372.0 203.5 168 211
0039 384.0 127.0 200 294
0039 127.5 146.0 187 264
0122 202.0 168.0 218 232
0719 329.0 151.0 164 268
0775 239.0 157.0 270 256
1003 87.5 158.0 163 260
1003 323.0 111.0 206 310
0676 156.5 142.5 149 281
0676 285.0 217.5 232 201
0935 100.5 148.0 171 268
0935 347.5 123.0 211 294
0081 300.5 184.0 219 244
0297 58.5 208.5 119 187
0297 462.5 168.5 143 243
0338 371.0 122.5 200 313
0338 72.0 293.0 208 122
0042 131.5 122.0 99 294
0042 392.5 138.0 217 286
0407 132.0 159.0 156 258
0407 359.5 152.5 187 263
0796 241.0 191.5 238 227
0796 113.5 36.0 209 214
0687 271.0 80.0 190 346
0687 144.0 132.0 162 286
0668 137.5 162.0 153 280
0668 279.5 105.5 207 333
0184 90.5 177.0 153 242
0184 322.5 151.5 157 259
1001 75.0 158.0 176 260
1001 254.0 116.0 254 312
0800 157.5 46.5 199 187
0800 299.5 281.0 161 130
0790 267.0 129.5 220 285
0452 356.5 143.0 205 280
0065 194.5 199.0 335 228
0814 23.0 142.0 228 190
0814 399.0 145.0 202 274
0987 73.5 130.5 217 291
0987 273.5 156.0 267 260
1138 38.0 159.0 170 258
1138 340.5 144.0 233 286
0066 187.5 195.5 281 237
0380 402.5 143.0 211 278
0394 127.5 211.0 169 202
0394 295.0 206.5 180 211
0415 154.0 212.0 198 204
0415 357.0 207.0 136 216
0047 82.0 150.0 148 266
0047 389.5 145.5 215 269
0074 231.0 139.5 258 285
0769 70.0 150.0 192 256
0769 395.0 148.5 214 261
0901 204.5 158.0 303 246
0432 139.5 150.0 231 270
0815 55.5 157.0 203 194
0815 401.0 139.0 200 280
0909 69.5 153.0 173 264
1158 165.0 152.0 180 260
1158 354.0 139.5 198 275
0801 271.0 166.0 186 248
0398 169.0 212.0 294 204
0356 173.5 134.5 203 275
0697 133.0 139.5 154 283
0697 349.5 148.5 205 273
0130 109.5 143.5 157 277
1029 147.0 154.0 126 264
1029 369.5 135.5 187 283
0718 259.5 200.5 111 203
0718 355.0 169.0 142 242
0243 111.0 146.0 164 268
0243 378.5 134.5 167 283
1041 86.5 147.5 163 267
1041 353.0 175.0 200 250
0823 349.5 153.5 269 263
1176 175.5 141.5 129 277
1176 290.0 125.0 180 298
0451 348.5 146.5 209 277
0941 125.5 156.5 133 261
0941 378.5 111.5 203 309
0891 70.5 133.0 167 280
0891 408.5 141.5 195 285
0058 175.0 159.5 180 257
1148 75.5 151.5 159 269
1148 456.5 139.0 179 280
0108 191.0 216.5 150 203
0444 330.5 114.5 213 317
0733 253.5 220.0 245 254
1162 329.5 126.0 203 300
0538 145.0 205.0 176 210
0538 339.0 126.5 182 301
0383 408.5 144.0 197 274
0383 189.5 299.5 157 95
0228 95.0 145.0 164 278
0228 413.5 134.5 201 287
0154 1.0 96.5 226 225
0154 379.0 144.0 240 280
0988 294.5 150.0 265 268
0988 98.5 104.5 217 325
0227 89.5 149.5 163 275
0227 410.5 122.0 205 300
0463 394.5 154.5 217 263
0409 147.0 163.5 138 253
0409 370.5 139.5 179 281
0886 83.0 141.0 250 272
0886 422.5 149.5 181 277
0231 114.5 171.0 277 234
0231 393.5 138.5 213 281
1115 135.5 152.0 177 272
1115 373.0 128.0 180 292
0344 376.0 118.0 214 312
0344 88.5 248.0 155 150
0179 137.5 199.5 145 205
0179 321.5 134.5 221 293
0437 96.0 153.0 174 272
0437 304.5 180.0 229 244
0898 362.0 137.0 214 292
0898 151.0 155.0 228 262
0526 335.0 182.0 184 236
0470 419.5 129.0 209 302
0494 367.5 129.5 227 285
0494 58.5 197.5 195 215
0319 143.0 285.5 256 109
0410 146.5 164.0 139 250
0410 373.5 123.0 169 292
0182 300.5 131.5 201 283
0182 56.0 187.0 172 224
0083 256.5 155.0 221 256
0863 87.5 155.0 173 264
0863 324.5 136.0 179 280
0079 320.5 162.5 171 255
0833 242.5 124.0 247 300
0337 373.0 130.0 192 308
1114 125.5 142.0 155 274
0343 374.0 139.5 208 285
0343 50.5 279.5 169 121
0729 198.0 172.0 128 252
0729 318.5 70.5 187 279
1131 156.0 157.5 150 257
1136 24.5 185.5 169 225
1136 290.5 150.0 255 276
0923 90.5 146.5 169 277
0923 334.5 119.5 171 303
0822 385.0 149.0 238 270
1032 128.0 152.0 148 260
1032 368.0 130.5 204 289
0151 -12.0 96.0 250 236
0151 339.0 157.5 260 259
0940 125.0 150.0 136 268
0940 391.0 115.5 182 307
0829 297.0 148.5 276 279
0829 142.5 210.5 129 189
0905 127.5 139.5 151 273
0905 281.0 128.5 210 289
0057 166.0 145.0 182 278
0109 180.5 212.5 181 207
0191 146.5 153.0 139 264
0511 75.5 103.5 225 215
0752 96.0 164.5 268 239
0035 153.5 156.0 135 260
0035 389.0 136.5 222 279
0435 90.0 158.0 178 260
0435 292.0 192.5 228 221
0125 190.0 149.0 138 266
0810 131.0 72.0 160 168
0810 386.5 152.5 143 265
0862 92.5 149.5 171 271
0862 344.5 235.5 127 175
0690 73.5 157.0 187 262
0690 264.0 196.0 236 230
0215 144.5 162.0 149 258
0215 368.5 135.0 217 286
0972 391.5 142.5 213 275
0972 128.5 232.5 199 187
0971 124.0 231.5 194 189
0971 396.0 140.0 208 274
1171 135.5 108.5 159 307
1171 349.0 136.5 164 285
1061 132.5 205.5 197 207
1120 147.5 183.5 179 243
0448 310.5 145.0 249 280
1170 132.5 90.0 161 330
1170 346.0 138.5 172 289
1144 66.5 160.5 151 257
1144 422.5 124.0 189 300
0689 70.5 158.0 209 262
0689 264.5 204.0 223 218
0295 63.5 205.0 113 188
0295 504.0 199.5 100 205
0956 386.0 123.5 186 293
0956 117.5 150.5 147 269
0213 117.0 153.0 222 264
0213 377.5 129.5 205 291
0238 152.0 151.5 226 263
0238 364.0 142.0 216 280
1164 302.0 140.0 242 278
0466 416.5 141.0 187 276
0939 124.0 153.5 154 263
0939 393.5 118.0 169 306
0927 163.0 147.0 140 274
0288 74.0 154.0 110 234
0421 156.5 150.0 151 268
0421 326.5 282.5 161 125
0386 405.5 142.5 217 281
0396 135.5 210.5 177 203
1071 136.5 150.5 173 267
0436 96.5 153.5 171 267
0436 296.0 185.5 228 229
0999 175.0 148.0 134 276
0999 277.0 124.5 204 299
0131 87.5 146.0 151 270
0955 118.0 153.0 150 272
0955 384.5 122.0 197 296
0095 276.0 253.5 292 205
1128 128.0 159.0 180 260
1128 322.0 187.0 180 250
0798 133.0 31.5 200 203
0501 166.5 165.5 131 247
0211 102.0 153.0 210 262
0211 383.0 133.5 204 287
0233 372.0 131.5 172 287
0233 173.0 143.0 194 272
0347 376.0 133.0 214 290
0347 136.0 269.0 204 140
0072 172.0 143.5 286 279
0240 116.5 145.0 227 266
0240 378.0 128.0 198 296
0123 197.5 161.0 173 244
0096 246.5 235.5 339 229
0808 108.5 39.0 195 202
0808 361.0 162.5 150 253
0741 123.5 143.5 123 281
0741 359.5 134.0 241 214
0253 242.0 133.0 192 280
0482 369.5 201.0 203 214
0872 308.5 190.0 223 226
0872 95.5 183.0 147 232
0683 118.0 155.5 168 263
0683 363.5 101.0 139 326
0983 120.5 149.0 177 268
1058 115.5 218.5 215 197
1058 383.0 124.5 164 297
0377 395.5 142.5 209 277
0799 159.5 40.5 191 193
0799 264.0 230.5 190 187
0968 121.0 230.5 176 177
0968 394.5 129.5 177 291
0119 238.5 157.5 135 227
0453 362.5 127.0 205 304
0892 74.5 144.0 157 274
0892 415.5 137.0 191 284
0922 86.5 150.5 173 273
0922 334.5 123.5 159 295
0031 378.5 136.0 209 288
0031 108.5 206.0 207 212
0485 96.0 256.5 150 163
0485 392.5 152.0 179 268
0188 240.5 158.5 275 259
0753 135.5 150.0 211 262
0786 185.5 36.0 173 202
1106 146.0 153.0 180 258
1106 296.0 116.0 210 304
0853 81.0 178.0 182 248
0853 303.0 221.0 202 194
1023 347.5 115.0 177 314
1023 178.5 175.0 157 250
0811 120.5 70.0 167 198
0811 399.5 143.0 147 278
0333 37.0 293.5 258 125
0333 345.0 149.0 218 270
0026 134.0 143.5 152 279
0026 365.0 120.5 182 301
0246 141.5 206.0 155 212
0246 367.5 134.0 173 284
0036 390.5 144.0 217 272
0036 174.5 135.5 125 277
0936 115.5 146.0 149 274
0936 365.5 113.0 183 308
0303 312.5 171.5 219 239
0303 84.0 190.5 144 219
0289 36.5 177.5 181 211
0325 326.5 179.5 209 241
1098 117.5 149.5 133 273
1098 366.5 149.0 219 274
0881 113.5 147.5 155 279
0881 372.0 130.5 198 285
0062 273.5 179.5 223 261
0062 151.5 158.5 135 259
1027 137.0 138.5 124 285
0280 225.0 179.5 72 207
0199 108.0 162.5 162 251
0199 329.0 126.5 190 289
0710 80.5 144.5 199 285
0710 379.5 123.5 145 289
0461 394.0 142.0 206 276
0116 200.0 153.0 134 252
0273 301.5 152.0 163 260
0282 141.5 179.5 169 213
0408 142.5 156.5 143 263
0408 364.5 141.0 179 280
0740 119.5 140.5 135 277
0740 362.0 125.0 218 228
0232 156.5 166.0 249 242
0232 389.0 127.5 180 293
0685 131.5 151.0 163 268
0685 317.0 56.5 178 379
0954 126.5 156.0 149 262
0954 389.5 133.0 217 286
0201 115.5 141.5 151 279
0201 341.0 124.5 192 291
1153 136.5 152.5 237 255
1153 397.5 152.0 211 264
0330 355.5 150.5 191 271
0374 373.0 137.5 212 285
0441 364.0 143.5 192 279
0441 160.0 238.5 110 163
